0.000000000000000000e+00
0.000000000000000000e+00
0.000000000000000000e+00
0.000000000000000000e+00
4.984299182890000068e+00
5.884634971619999710e+00
0.000000000000000000e+00
1.568860173230000044e+00
0.000000000000000000e+00
0.000000000000000000e+00
0.000000000000000000e+00
0.000000000000000000e+00
0.000000000000000000e+00
1.176733732219999995e+00
0.000000000000000000e+00
4.070153236390000373e+00
0.000000000000000000e+00
0.000000000000000000e+00
0.000000000000000000e+00
0.000000000000000000e+00
1.568860173230000044e+00
0.000000000000000000e+00
0.000000000000000000e+00
3.992860794069999830e+00
0.000000000000000000e+00
1.176733732219999995e+00
1.568860173230000044e+00
0.000000000000000000e+00
0.000000000000000000e+00
0.000000000000000000e+00
0.000000000000000000e+00
1.568860173230000044e+00
1.176733732219999995e+00
4.070153236390000373e+00
1.841221094130000013e+00
0.000000000000000000e+00
0.000000000000000000e+00
0.000000000000000000e+00
0.000000000000000000e+00
0.000000000000000000e+00
0.000000000000000000e+00
1.176733732219999995e+00
1.176733732219999995e+00
1.568860173230000044e+00
1.822529554369999971e+00
4.990654945370000206e+00
1.176733732219999995e+00
1.568860173230000044e+00
1.568860173230000044e+00
1.568860173230000044e+00
0.000000000000000000e+00
1.568860173230000044e+00
1.568860173230000044e+00
1.568860173230000044e+00
0.000000000000000000e+00
1.568860173230000044e+00
1.176733732219999995e+00
1.568860173230000044e+00
1.568860173230000044e+00
1.568860173230000044e+00
3.992860794069999830e+00
1.568860173230000044e+00
1.568860173230000044e+00
0.000000000000000000e+00
0.000000000000000000e+00
0.000000000000000000e+00
0.000000000000000000e+00
1.176733732219999995e+00
1.176733732219999995e+00
1.176733732219999995e+00
1.176733732219999995e+00
1.568860173230000044e+00
1.568860173230000044e+00
1.527642488479999949e+00
1.176733732219999995e+00
0.000000000000000000e+00
4.003276824950000368e+00
0.000000000000000000e+00
1.568860173230000044e+00
5.003669738770000208e+00
1.568860173230000044e+00
0.000000000000000000e+00
0.000000000000000000e+00
4.003276824950000368e+00
5.003669738770000208e+00
5.003669738770000208e+00
