0.000000000000000000e+00
0.000000000000000000e+00
0.000000000000000000e+00
0.000000000000000000e+00
4.342198371890000352e+00
0.000000000000000000e+00
0.000000000000000000e+00
0.000000000000000000e+00
0.000000000000000000e+00
0.000000000000000000e+00
0.000000000000000000e+00
1.929686069489999989e+00
0.000000000000000000e+00
0.000000000000000000e+00
0.000000000000000000e+00
0.000000000000000000e+00
4.747599124909999802e+00
0.000000000000000000e+00
9.986438751220000354e-01
4.342198371890000352e+00
5.616868972779999858e+00
5.616868972779999858e+00
5.616868972779999858e+00
0.000000000000000000e+00
1.564350962640000064e+00
0.000000000000000000e+00
0.000000000000000000e+00
0.000000000000000000e+00
0.000000000000000000e+00
0.000000000000000000e+00
0.000000000000000000e+00
5.616868972779999858e+00
0.000000000000000000e+00
0.000000000000000000e+00
0.000000000000000000e+00
5.616868972779999858e+00
5.616868972779999858e+00
0.000000000000000000e+00
4.342198371890000352e+00
4.747599124909999802e+00
7.471895694729999704e+00
0.000000000000000000e+00
0.000000000000000000e+00
0.000000000000000000e+00
9.986438751220000354e-01
4.342198371890000352e+00
6.062925815579999878e+00
0.000000000000000000e+00
0.000000000000000000e+00
0.000000000000000000e+00
0.000000000000000000e+00
0.000000000000000000e+00
5.616868972779999858e+00
0.000000000000000000e+00
9.986438751220000354e-01
0.000000000000000000e+00
5.616868972779999858e+00
5.616868972779999858e+00
0.000000000000000000e+00
0.000000000000000000e+00
0.000000000000000000e+00
0.000000000000000000e+00
0.000000000000000000e+00
0.000000000000000000e+00
0.000000000000000000e+00
5.616868972779999858e+00
3.938882827760000094e+00
0.000000000000000000e+00
0.000000000000000000e+00
4.342198371890000352e+00
4.342198371890000352e+00
7.471895694729999704e+00
0.000000000000000000e+00
0.000000000000000000e+00
0.000000000000000000e+00
0.000000000000000000e+00
5.616868972779999858e+00
0.000000000000000000e+00
0.000000000000000000e+00
4.747599124909999802e+00
9.986438751220000354e-01
4.342198371890000352e+00
4.747599124909999802e+00
0.000000000000000000e+00
0.000000000000000000e+00
5.616868972779999858e+00
3.095877170560000113e+00
7.471895694729999704e+00
0.000000000000000000e+00
0.000000000000000000e+00
0.000000000000000000e+00
4.342198371890000352e+00
0.000000000000000000e+00
0.000000000000000000e+00
6.062925815579999878e+00
0.000000000000000000e+00
0.000000000000000000e+00
3.095877170560000113e+00
6.062925815579999878e+00
0.000000000000000000e+00
0.000000000000000000e+00
0.000000000000000000e+00
0.000000000000000000e+00
0.000000000000000000e+00
0.000000000000000000e+00
4.342198371890000352e+00
3.444867610929999824e+00
3.938882827760000094e+00
5.429912090300000216e+00
0.000000000000000000e+00
0.000000000000000000e+00
4.747599124909999802e+00
4.342198371890000352e+00
9.078629016879999902e-01
4.342198371890000352e+00
4.342198371890000352e+00
3.938882827760000094e+00
0.000000000000000000e+00
4.342198371890000352e+00
3.938882827760000094e+00
0.000000000000000000e+00
0.000000000000000000e+00
0.000000000000000000e+00
4.342198371890000352e+00
0.000000000000000000e+00
0.000000000000000000e+00
0.000000000000000000e+00
0.000000000000000000e+00
3.026315689090000038e+00
4.747599124909999802e+00
4.747599124909999802e+00
0.000000000000000000e+00
0.000000000000000000e+00
0.000000000000000000e+00
0.000000000000000000e+00
0.000000000000000000e+00
0.000000000000000000e+00
5.616868972779999858e+00
0.000000000000000000e+00
0.000000000000000000e+00
0.000000000000000000e+00
4.998178005219999775e+00
0.000000000000000000e+00
4.342198371890000352e+00
5.711311340329999986e+00
1.995754957199999957e+00
1.995754957199999957e+00
1.995754957199999957e+00
0.000000000000000000e+00
0.000000000000000000e+00
5.711311340329999986e+00
0.000000000000000000e+00
4.998178005219999775e+00
0.000000000000000000e+00
0.000000000000000000e+00
0.000000000000000000e+00
0.000000000000000000e+00
5.711311340329999986e+00
0.000000000000000000e+00
0.000000000000000000e+00
0.000000000000000000e+00
0.000000000000000000e+00
4.998178005219999775e+00
3.507443666459999942e+00
0.000000000000000000e+00
