0.000000000000000000e+00
0.000000000000000000e+00
0.000000000000000000e+00
0.000000000000000000e+00
1.086740779880000041e+01
8.084912300110000061e+00
0.000000000000000000e+00
5.086320400239999984e+00
0.000000000000000000e+00
0.000000000000000000e+00
0.000000000000000000e+00
0.000000000000000000e+00
0.000000000000000000e+00
5.031445503229999616e+00
3.096732139589999822e+00
0.000000000000000000e+00
0.000000000000000000e+00
0.000000000000000000e+00
3.096732139589999822e+00
0.000000000000000000e+00
5.086320400239999984e+00
4.739606380459999713e+00
3.539067506789999928e+00
0.000000000000000000e+00
0.000000000000000000e+00
5.031445503229999616e+00
5.086320400239999984e+00
0.000000000000000000e+00
0.000000000000000000e+00
3.539067506789999928e+00
0.000000000000000000e+00
5.086320400239999984e+00
5.031445503229999616e+00
0.000000000000000000e+00
0.000000000000000000e+00
0.000000000000000000e+00
4.347690582280000271e+00
4.347690582280000271e+00
0.000000000000000000e+00
0.000000000000000000e+00
0.000000000000000000e+00
5.031445503229999616e+00
5.031445503229999616e+00
5.086320400239999984e+00
0.000000000000000000e+00
0.000000000000000000e+00
5.031445503229999616e+00
5.086320400239999984e+00
5.086320400239999984e+00
5.086320400239999984e+00
0.000000000000000000e+00
5.086320400239999984e+00
5.086320400239999984e+00
5.086320400239999984e+00
0.000000000000000000e+00
5.086320400239999984e+00
5.031445503229999616e+00
5.086320400239999984e+00
5.086320400239999984e+00
5.086320400239999984e+00
0.000000000000000000e+00
5.086320400239999984e+00
5.086320400239999984e+00
0.000000000000000000e+00
0.000000000000000000e+00
0.000000000000000000e+00
0.000000000000000000e+00
5.031445503229999616e+00
5.031445503229999616e+00
5.031445503229999616e+00
5.031445503229999616e+00
5.086320400239999984e+00
5.086320400239999984e+00
6.030759334559999907e+00
5.031445503229999616e+00
0.000000000000000000e+00
2.101892471309999788e+00
0.000000000000000000e+00
5.086320400239999984e+00
1.193627595900000005e+00
5.086320400239999984e+00
0.000000000000000000e+00
0.000000000000000000e+00
2.101892471309999788e+00
1.193627595900000005e+00
1.193627595900000005e+00
