1.323625564579999914e+00
1.323625564579999914e+00
0.000000000000000000e+00
0.000000000000000000e+00
0.000000000000000000e+00
0.000000000000000000e+00
0.000000000000000000e+00
0.000000000000000000e+00
0.000000000000000000e+00
0.000000000000000000e+00
0.000000000000000000e+00
0.000000000000000000e+00
0.000000000000000000e+00
0.000000000000000000e+00
0.000000000000000000e+00
0.000000000000000000e+00
0.000000000000000000e+00
0.000000000000000000e+00
1.870042324069999928e+00
0.000000000000000000e+00
0.000000000000000000e+00
1.870042324069999928e+00
0.000000000000000000e+00
0.000000000000000000e+00
0.000000000000000000e+00
0.000000000000000000e+00
0.000000000000000000e+00
0.000000000000000000e+00
0.000000000000000000e+00
7.333104014400000370e-01
1.994774103159999923e+00
1.870042324069999928e+00
1.870042324069999928e+00
1.994774103159999923e+00
1.870042324069999928e+00
0.000000000000000000e+00
1.870042324069999928e+00
8.396271705629999360e+00
1.994774103159999923e+00
1.870042324069999928e+00
2.123983144759999941e+00
2.123983144759999941e+00
0.000000000000000000e+00
1.870042324069999928e+00
8.083062171939999985e+00
2.186705589289999807e+00
3.380750179290000101e+00
0.000000000000000000e+00
0.000000000000000000e+00
1.934440851209999979e+00
2.123983144759999941e+00
2.123983144759999941e+00
0.000000000000000000e+00
0.000000000000000000e+00
1.994774103159999923e+00
2.123983144759999941e+00
9.973070025439999542e-01
1.870042324069999928e+00
2.123983144759999941e+00
0.000000000000000000e+00
0.000000000000000000e+00
3.103001415730000101e-01
1.994774103159999923e+00
1.870042324069999928e+00
9.973070025439999542e-01
1.994774103159999923e+00
1.994774103159999923e+00
