0.000000000000000000e+00
0.000000000000000000e+00
4.258308410639999764e+00
0.000000000000000000e+00
0.000000000000000000e+00
0.000000000000000000e+00
0.000000000000000000e+00
9.150727391240000008e-01
0.000000000000000000e+00
0.000000000000000000e+00
9.150727391240000008e-01
0.000000000000000000e+00
0.000000000000000000e+00
0.000000000000000000e+00
0.000000000000000000e+00
0.000000000000000000e+00
2.974370241169999929e+00
0.000000000000000000e+00
0.000000000000000000e+00
0.000000000000000000e+00
0.000000000000000000e+00
0.000000000000000000e+00
0.000000000000000000e+00
0.000000000000000000e+00
0.000000000000000000e+00
1.363781332969999927e+00
0.000000000000000000e+00
2.153583765030000041e+00
0.000000000000000000e+00
0.000000000000000000e+00
1.283146142959999958e+00
0.000000000000000000e+00
0.000000000000000000e+00
0.000000000000000000e+00
