3.283673763279999935e+00
0.000000000000000000e+00
0.000000000000000000e+00
4.776276111599999652e+00
7.659663677220000189e+00
3.736880064010000169e+00
3.736880064010000169e+00
3.736880064010000169e+00
0.000000000000000000e+00
2.153083562850000021e+00
3.736880064010000169e+00
0.000000000000000000e+00
3.736880064010000169e+00
3.736880064010000169e+00
4.776276111599999652e+00
3.736880064010000169e+00
3.736880064010000169e+00
0.000000000000000000e+00
3.736880064010000169e+00
3.736880064010000169e+00
1.613120460509999887e+01
9.093605041500000041e+00
0.000000000000000000e+00
4.776276111599999652e+00
4.776276111599999652e+00
4.776276111599999652e+00
2.677795886989999818e+00
3.122422218320000109e+00
3.736880064010000169e+00
3.736880064010000169e+00
0.000000000000000000e+00
3.736880064010000169e+00
3.736880064010000169e+00
0.000000000000000000e+00
0.000000000000000000e+00
3.736880064010000169e+00
3.122422218320000109e+00
3.736880064010000169e+00
3.736880064010000169e+00
9.093605041500000041e+00
0.000000000000000000e+00
2.701078414920000004e+00
3.122422218320000109e+00
0.000000000000000000e+00
4.776276111599999652e+00
1.359429478650000078e+00
0.000000000000000000e+00
9.093605041500000041e+00
4.776276111599999652e+00
0.000000000000000000e+00
0.000000000000000000e+00
3.122422218320000109e+00
0.000000000000000000e+00
1.359429478650000078e+00
7.182571411129999639e+00
0.000000000000000000e+00
2.701078414920000004e+00
0.000000000000000000e+00
3.122422218320000109e+00
0.000000000000000000e+00
0.000000000000000000e+00
0.000000000000000000e+00
0.000000000000000000e+00
0.000000000000000000e+00
0.000000000000000000e+00
0.000000000000000000e+00
0.000000000000000000e+00
0.000000000000000000e+00
0.000000000000000000e+00
0.000000000000000000e+00
0.000000000000000000e+00
0.000000000000000000e+00
0.000000000000000000e+00
0.000000000000000000e+00
0.000000000000000000e+00
0.000000000000000000e+00
0.000000000000000000e+00
0.000000000000000000e+00
2.701078414920000004e+00
0.000000000000000000e+00
0.000000000000000000e+00
0.000000000000000000e+00
0.000000000000000000e+00
0.000000000000000000e+00
0.000000000000000000e+00
0.000000000000000000e+00
0.000000000000000000e+00
0.000000000000000000e+00
0.000000000000000000e+00
0.000000000000000000e+00
0.000000000000000000e+00
0.000000000000000000e+00
0.000000000000000000e+00
0.000000000000000000e+00
0.000000000000000000e+00
