0.000000000000000000e+00
0.000000000000000000e+00
0.000000000000000000e+00
0.000000000000000000e+00
0.000000000000000000e+00
0.000000000000000000e+00
0.000000000000000000e+00
3.128756046299999927e+00
0.000000000000000000e+00
0.000000000000000000e+00
0.000000000000000000e+00
0.000000000000000000e+00
4.688957214360000236e+00
2.394200086590000165e+00
0.000000000000000000e+00
0.000000000000000000e+00
0.000000000000000000e+00
0.000000000000000000e+00
0.000000000000000000e+00
0.000000000000000000e+00
2.665724277499999850e+00
2.394200086590000165e+00
2.394200086590000165e+00
2.394200086590000165e+00
2.394200086590000165e+00
0.000000000000000000e+00
0.000000000000000000e+00
0.000000000000000000e+00
0.000000000000000000e+00
0.000000000000000000e+00
2.215859413150000012e+00
2.394200086590000165e+00
2.394200086590000165e+00
0.000000000000000000e+00
0.000000000000000000e+00
0.000000000000000000e+00
2.665724277499999850e+00
2.665724277499999850e+00
2.215859413150000012e+00
2.665724277499999850e+00
2.665724277499999850e+00
2.394200086590000165e+00
2.394200086590000165e+00
0.000000000000000000e+00
0.000000000000000000e+00
0.000000000000000000e+00
2.665724277499999850e+00
2.665724277499999850e+00
2.394200086590000165e+00
0.000000000000000000e+00
2.665724277499999850e+00
8.308321237560000183e-01
0.000000000000000000e+00
0.000000000000000000e+00
0.000000000000000000e+00
0.000000000000000000e+00
0.000000000000000000e+00
2.215859413150000012e+00
3.128756046299999927e+00
2.394200086590000165e+00
0.000000000000000000e+00
0.000000000000000000e+00
0.000000000000000000e+00
0.000000000000000000e+00
2.394200086590000165e+00
2.394200086590000165e+00
2.394200086590000165e+00
0.000000000000000000e+00
2.805079936979999911e+00
4.688957214360000236e+00
0.000000000000000000e+00
0.000000000000000000e+00
0.000000000000000000e+00
0.000000000000000000e+00
0.000000000000000000e+00
0.000000000000000000e+00
0.000000000000000000e+00
0.000000000000000000e+00
3.128756046299999927e+00
2.195168972019999831e+00
0.000000000000000000e+00
0.000000000000000000e+00
0.000000000000000000e+00
4.978823661799999911e+00
0.000000000000000000e+00
4.978823661799999911e+00
0.000000000000000000e+00
4.978823661799999911e+00
0.000000000000000000e+00
0.000000000000000000e+00
0.000000000000000000e+00
0.000000000000000000e+00
0.000000000000000000e+00
0.000000000000000000e+00
0.000000000000000000e+00
0.000000000000000000e+00
0.000000000000000000e+00
0.000000000000000000e+00
0.000000000000000000e+00
0.000000000000000000e+00
0.000000000000000000e+00
0.000000000000000000e+00
0.000000000000000000e+00
0.000000000000000000e+00
0.000000000000000000e+00
0.000000000000000000e+00
0.000000000000000000e+00
0.000000000000000000e+00
0.000000000000000000e+00
0.000000000000000000e+00
0.000000000000000000e+00
0.000000000000000000e+00
0.000000000000000000e+00
0.000000000000000000e+00
0.000000000000000000e+00
0.000000000000000000e+00
0.000000000000000000e+00
0.000000000000000000e+00
