0.000000000000000000e+00
6.062023639679999576e+00
5.317891240119999585e-01
0.000000000000000000e+00
0.000000000000000000e+00
0.000000000000000000e+00
0.000000000000000000e+00
0.000000000000000000e+00
0.000000000000000000e+00
0.000000000000000000e+00
6.627301692959999713e+00
0.000000000000000000e+00
5.167066097260000213e+00
4.510788440699999846e+00
0.000000000000000000e+00
0.000000000000000000e+00
0.000000000000000000e+00
0.000000000000000000e+00
0.000000000000000000e+00
0.000000000000000000e+00
0.000000000000000000e+00
4.510788440699999846e+00
4.510788440699999846e+00
4.510788440699999846e+00
4.510788440699999846e+00
0.000000000000000000e+00
0.000000000000000000e+00
0.000000000000000000e+00
6.905672073359999885e+00
0.000000000000000000e+00
0.000000000000000000e+00
4.510788440699999846e+00
4.510788440699999846e+00
0.000000000000000000e+00
0.000000000000000000e+00
0.000000000000000000e+00
0.000000000000000000e+00
0.000000000000000000e+00
0.000000000000000000e+00
0.000000000000000000e+00
0.000000000000000000e+00
4.510788440699999846e+00
4.510788440699999846e+00
0.000000000000000000e+00
6.905672073359999885e+00
0.000000000000000000e+00
0.000000000000000000e+00
0.000000000000000000e+00
4.510788440699999846e+00
0.000000000000000000e+00
0.000000000000000000e+00
0.000000000000000000e+00
0.000000000000000000e+00
0.000000000000000000e+00
0.000000000000000000e+00
0.000000000000000000e+00
0.000000000000000000e+00
0.000000000000000000e+00
0.000000000000000000e+00
4.510788440699999846e+00
0.000000000000000000e+00
0.000000000000000000e+00
6.272417068480000246e+00
6.905672073359999885e+00
4.510788440699999846e+00
4.510788440699999846e+00
4.510788440699999846e+00
0.000000000000000000e+00
1.982879281039999997e+00
5.167066097260000213e+00
0.000000000000000000e+00
0.000000000000000000e+00
0.000000000000000000e+00
0.000000000000000000e+00
0.000000000000000000e+00
0.000000000000000000e+00
0.000000000000000000e+00
6.905672073359999885e+00
0.000000000000000000e+00
5.708522319790000132e+00
0.000000000000000000e+00
0.000000000000000000e+00
0.000000000000000000e+00
9.721055984499999525e+00
0.000000000000000000e+00
9.721055984499999525e+00
0.000000000000000000e+00
1.012405014039999962e+01
0.000000000000000000e+00
0.000000000000000000e+00
0.000000000000000000e+00
0.000000000000000000e+00
0.000000000000000000e+00
0.000000000000000000e+00
0.000000000000000000e+00
0.000000000000000000e+00
0.000000000000000000e+00
0.000000000000000000e+00
0.000000000000000000e+00
0.000000000000000000e+00
0.000000000000000000e+00
0.000000000000000000e+00
0.000000000000000000e+00
0.000000000000000000e+00
0.000000000000000000e+00
6.905672073359999885e+00
0.000000000000000000e+00
0.000000000000000000e+00
0.000000000000000000e+00
0.000000000000000000e+00
0.000000000000000000e+00
0.000000000000000000e+00
0.000000000000000000e+00
0.000000000000000000e+00
6.905672073359999885e+00
0.000000000000000000e+00
0.000000000000000000e+00
0.000000000000000000e+00
