0.000000000000000000e+00
0.000000000000000000e+00
2.755177259449999916e+00
0.000000000000000000e+00
0.000000000000000000e+00
0.000000000000000000e+00
0.000000000000000000e+00
1.711839866640000096e+01
0.000000000000000000e+00
0.000000000000000000e+00
1.711839866640000096e+01
0.000000000000000000e+00
0.000000000000000000e+00
0.000000000000000000e+00
0.000000000000000000e+00
0.000000000000000000e+00
5.084338188170000272e+00
0.000000000000000000e+00
3.768510341639999872e+00
0.000000000000000000e+00
9.672228693959999957e-01
1.951246380810000014e+00
0.000000000000000000e+00
0.000000000000000000e+00
3.768510341639999872e+00
1.772234535220000140e+01
3.768510341639999872e+00
6.353724479680000314e+00
0.000000000000000000e+00
9.715712070469999517e-01
6.910876750949999980e+00
3.768510341639999872e+00
0.000000000000000000e+00
0.000000000000000000e+00
