0.000000000000000000e+00
5.098123073580000053e+00
0.000000000000000000e+00
0.000000000000000000e+00
0.000000000000000000e+00
0.000000000000000000e+00
0.000000000000000000e+00
1.002029538149999954e+00
0.000000000000000000e+00
0.000000000000000000e+00
4.984299182890000068e+00
0.000000000000000000e+00
6.337121963499999566e+00
4.185420513150000410e+00
0.000000000000000000e+00
0.000000000000000000e+00
0.000000000000000000e+00
0.000000000000000000e+00
0.000000000000000000e+00
0.000000000000000000e+00
5.018160939219999950e-01
4.185420513150000410e+00
4.185420513150000410e+00
4.185420513150000410e+00
4.185420513150000410e+00
0.000000000000000000e+00
0.000000000000000000e+00
0.000000000000000000e+00
5.947534084319999970e+00
0.000000000000000000e+00
0.000000000000000000e+00
4.185420513150000410e+00
4.185420513150000410e+00
0.000000000000000000e+00
0.000000000000000000e+00
0.000000000000000000e+00
5.018160939219999950e-01
5.018160939219999950e-01
0.000000000000000000e+00
5.018160939219999950e-01
5.018160939219999950e-01
4.185420513150000410e+00
4.185420513150000410e+00
0.000000000000000000e+00
5.947534084319999970e+00
0.000000000000000000e+00
5.018160939219999950e-01
5.018160939219999950e-01
4.185420513150000410e+00
0.000000000000000000e+00
5.018160939219999950e-01
0.000000000000000000e+00
0.000000000000000000e+00
0.000000000000000000e+00
0.000000000000000000e+00
0.000000000000000000e+00
0.000000000000000000e+00
0.000000000000000000e+00
1.002029538149999954e+00
4.185420513150000410e+00
0.000000000000000000e+00
0.000000000000000000e+00
5.041980266570000424e+00
5.947534084319999970e+00
4.185420513150000410e+00
4.185420513150000410e+00
4.185420513150000410e+00
0.000000000000000000e+00
2.974315166469999827e+00
6.337121963499999566e+00
0.000000000000000000e+00
0.000000000000000000e+00
0.000000000000000000e+00
0.000000000000000000e+00
0.000000000000000000e+00
0.000000000000000000e+00
0.000000000000000000e+00
5.947534084319999970e+00
1.002029538149999954e+00
5.103304386139999593e+00
0.000000000000000000e+00
0.000000000000000000e+00
0.000000000000000000e+00
1.095944690700000024e+01
0.000000000000000000e+00
1.095944690700000024e+01
0.000000000000000000e+00
1.010070419310000034e+01
0.000000000000000000e+00
0.000000000000000000e+00
0.000000000000000000e+00
0.000000000000000000e+00
0.000000000000000000e+00
0.000000000000000000e+00
0.000000000000000000e+00
0.000000000000000000e+00
0.000000000000000000e+00
0.000000000000000000e+00
0.000000000000000000e+00
0.000000000000000000e+00
0.000000000000000000e+00
0.000000000000000000e+00
0.000000000000000000e+00
0.000000000000000000e+00
0.000000000000000000e+00
5.947534084319999970e+00
0.000000000000000000e+00
0.000000000000000000e+00
0.000000000000000000e+00
0.000000000000000000e+00
0.000000000000000000e+00
0.000000000000000000e+00
0.000000000000000000e+00
0.000000000000000000e+00
5.947534084319999970e+00
0.000000000000000000e+00
0.000000000000000000e+00
0.000000000000000000e+00
