0.000000000000000000e+00
0.000000000000000000e+00
0.000000000000000000e+00
0.000000000000000000e+00
9.030770301820000512e+00
6.235583305359999606e+00
0.000000000000000000e+00
8.547593116759999887e+00
0.000000000000000000e+00
0.000000000000000000e+00
0.000000000000000000e+00
0.000000000000000000e+00
0.000000000000000000e+00
8.807709693910000581e+00
1.951246380810000014e+00
0.000000000000000000e+00
0.000000000000000000e+00
0.000000000000000000e+00
1.951246380810000014e+00
0.000000000000000000e+00
8.547593116759999887e+00
4.311422824860000169e+00
1.943138003350000087e+00
0.000000000000000000e+00
0.000000000000000000e+00
8.807709693910000581e+00
8.547593116759999887e+00
0.000000000000000000e+00
0.000000000000000000e+00
1.943138003350000087e+00
0.000000000000000000e+00
8.547593116759999887e+00
8.807709693910000581e+00
0.000000000000000000e+00
0.000000000000000000e+00
0.000000000000000000e+00
4.144836902619999819e+00
4.144836902619999819e+00
0.000000000000000000e+00
0.000000000000000000e+00
0.000000000000000000e+00
8.807709693910000581e+00
8.807709693910000581e+00
8.547593116759999887e+00
0.000000000000000000e+00
0.000000000000000000e+00
8.807709693910000581e+00
8.547593116759999887e+00
8.547593116759999887e+00
8.547593116759999887e+00
0.000000000000000000e+00
8.547593116759999887e+00
8.547593116759999887e+00
8.547593116759999887e+00
0.000000000000000000e+00
8.547593116759999887e+00
8.807709693910000581e+00
8.547593116759999887e+00
8.547593116759999887e+00
8.547593116759999887e+00
0.000000000000000000e+00
8.547593116759999887e+00
8.547593116759999887e+00
0.000000000000000000e+00
0.000000000000000000e+00
0.000000000000000000e+00
0.000000000000000000e+00
8.807709693910000581e+00
8.807709693910000581e+00
8.807709693910000581e+00
8.807709693910000581e+00
8.547593116759999887e+00
8.547593116759999887e+00
9.566091537480000184e+00
8.807709693910000581e+00
0.000000000000000000e+00
1.621406555180000097e+00
0.000000000000000000e+00
8.547593116759999887e+00
1.000218987460000042e+00
8.547593116759999887e+00
0.000000000000000000e+00
0.000000000000000000e+00
1.621406555180000097e+00
1.000218987460000042e+00
1.000218987460000042e+00
