1.641919136050000061e+00
0.000000000000000000e+00
8.303221464159999954e-01
2.747716188430000095e+00
4.851510524750000108e+00
4.976177215579999924e+00
4.976177215579999924e+00
4.976177215579999924e+00
0.000000000000000000e+00
2.764786720280000054e+00
4.976177215579999924e+00
8.303221464159999954e-01
4.976177215579999924e+00
4.976177215579999924e+00
2.747716188430000095e+00
4.976177215579999924e+00
4.976177215579999924e+00
5.198187828060000237e-01
4.976177215579999924e+00
4.976177215579999924e+00
0.000000000000000000e+00
6.961647987370000124e+00
5.465319156650000343e-01
2.747716188430000095e+00
2.747716188430000095e+00
2.747716188430000095e+00
2.037549495699999991e+00
4.471723079680000268e+00
4.976177215579999924e+00
4.976177215579999924e+00
0.000000000000000000e+00
4.976177215579999924e+00
4.976177215579999924e+00
1.841221094130000013e+00
1.841221094130000013e+00
4.976177215579999924e+00
4.471723079680000268e+00
4.976177215579999924e+00
4.976177215579999924e+00
6.961647987370000124e+00
1.137445330620000083e+00
2.675504207609999963e+00
4.471723079680000268e+00
1.841221094130000013e+00
2.747716188430000095e+00
2.113042116169999929e+00
1.137445330620000083e+00
6.961647987370000124e+00
2.747716188430000095e+00
0.000000000000000000e+00
0.000000000000000000e+00
4.471723079680000268e+00
7.679604887959999848e-01
4.643081665040000416e+00
6.961647987370000124e+00
0.000000000000000000e+00
2.675504207609999963e+00
1.841221094130000013e+00
4.471723079680000268e+00
7.679604887959999848e-01
1.841221094130000013e+00
0.000000000000000000e+00
1.841221094130000013e+00
1.841221094130000013e+00
1.841221094130000013e+00
0.000000000000000000e+00
4.606916904450000239e+00
5.465319156650000343e-01
7.679604887959999848e-01
1.841221094130000013e+00
1.841221094130000013e+00
1.841221094130000013e+00
1.841221094130000013e+00
1.841221094130000013e+00
1.841221094130000013e+00
1.841221094130000013e+00
4.606916904450000239e+00
4.606916904450000239e+00
2.675504207609999963e+00
1.841221094130000013e+00
1.841221094130000013e+00
1.841221094130000013e+00
1.841221094130000013e+00
1.841221094130000013e+00
1.841221094130000013e+00
1.841221094130000013e+00
7.679604887959999848e-01
4.606916904450000239e+00
1.841221094130000013e+00
1.841221094130000013e+00
1.841221094130000013e+00
1.841221094130000013e+00
1.841221094130000013e+00
1.841221094130000013e+00
7.679604887959999848e-01
