0.000000000000000000e+00
0.000000000000000000e+00
9.964087605479999832e-01
0.000000000000000000e+00
0.000000000000000000e+00
0.000000000000000000e+00
0.000000000000000000e+00
0.000000000000000000e+00
0.000000000000000000e+00
0.000000000000000000e+00
1.340359330180000086e+00
0.000000000000000000e+00
0.000000000000000000e+00
3.974813222889999942e+00
8.588866591449999532e-01
0.000000000000000000e+00
0.000000000000000000e+00
0.000000000000000000e+00
0.000000000000000000e+00
8.588866591449999532e-01
0.000000000000000000e+00
8.588866591449999532e-01
0.000000000000000000e+00
9.964087605479999832e-01
0.000000000000000000e+00
0.000000000000000000e+00
0.000000000000000000e+00
0.000000000000000000e+00
8.331665992739999638e+00
0.000000000000000000e+00
0.000000000000000000e+00
0.000000000000000000e+00
0.000000000000000000e+00
0.000000000000000000e+00
0.000000000000000000e+00
0.000000000000000000e+00
0.000000000000000000e+00
0.000000000000000000e+00
2.186620712279999879e+00
0.000000000000000000e+00
0.000000000000000000e+00
7.723004341130000228e+00
8.497932553289999635e-01
0.000000000000000000e+00
0.000000000000000000e+00
0.000000000000000000e+00
0.000000000000000000e+00
0.000000000000000000e+00
0.000000000000000000e+00
0.000000000000000000e+00
0.000000000000000000e+00
0.000000000000000000e+00
0.000000000000000000e+00
0.000000000000000000e+00
0.000000000000000000e+00
7.032016754149999826e+00
8.404408693310000400e-01
0.000000000000000000e+00
0.000000000000000000e+00
0.000000000000000000e+00
0.000000000000000000e+00
0.000000000000000000e+00
0.000000000000000000e+00
7.032016754149999826e+00
0.000000000000000000e+00
0.000000000000000000e+00
