0.000000000000000000e+00
0.000000000000000000e+00
9.003770351409999817e-01
0.000000000000000000e+00
0.000000000000000000e+00
0.000000000000000000e+00
0.000000000000000000e+00
0.000000000000000000e+00
0.000000000000000000e+00
0.000000000000000000e+00
1.340359330180000086e+00
0.000000000000000000e+00
9.981293678279999915e-01
3.974813222889999942e+00
0.000000000000000000e+00
0.000000000000000000e+00
9.981293678279999915e-01
0.000000000000000000e+00
0.000000000000000000e+00
0.000000000000000000e+00
0.000000000000000000e+00
0.000000000000000000e+00
0.000000000000000000e+00
9.003770351409999817e-01
0.000000000000000000e+00
9.981293678279999915e-01
9.981293678279999915e-01
0.000000000000000000e+00
5.952912330630000248e+00
0.000000000000000000e+00
0.000000000000000000e+00
9.981293678279999915e-01
0.000000000000000000e+00
0.000000000000000000e+00
0.000000000000000000e+00
0.000000000000000000e+00
1.895346999170000046e+00
0.000000000000000000e+00
2.064546108250000067e+00
0.000000000000000000e+00
0.000000000000000000e+00
1.242736935619999983e+00
8.497932553289999635e-01
0.000000000000000000e+00
0.000000000000000000e+00
9.981293678279999915e-01
0.000000000000000000e+00
0.000000000000000000e+00
0.000000000000000000e+00
0.000000000000000000e+00
0.000000000000000000e+00
1.276166081429999988e+00
6.447699069979999642e-01
0.000000000000000000e+00
0.000000000000000000e+00
6.043317794800000087e+00
0.000000000000000000e+00
0.000000000000000000e+00
8.004965782170000432e-01
1.276166081429999988e+00
1.276166081429999988e+00
0.000000000000000000e+00
0.000000000000000000e+00
6.043317794800000087e+00
0.000000000000000000e+00
0.000000000000000000e+00
