0.000000000000000000e+00
0.000000000000000000e+00
0.000000000000000000e+00
0.000000000000000000e+00
1.241739654540000082e+01
5.016190052029999791e+00
0.000000000000000000e+00
3.922783434389999768e-01
0.000000000000000000e+00
0.000000000000000000e+00
0.000000000000000000e+00
0.000000000000000000e+00
0.000000000000000000e+00
0.000000000000000000e+00
0.000000000000000000e+00
0.000000000000000000e+00
0.000000000000000000e+00
0.000000000000000000e+00
0.000000000000000000e+00
0.000000000000000000e+00
3.922783434389999768e-01
3.044344663620000002e+00
0.000000000000000000e+00
0.000000000000000000e+00
0.000000000000000000e+00
0.000000000000000000e+00
3.922783434389999768e-01
0.000000000000000000e+00
0.000000000000000000e+00
0.000000000000000000e+00
0.000000000000000000e+00
3.922783434389999768e-01
0.000000000000000000e+00
0.000000000000000000e+00
0.000000000000000000e+00
0.000000000000000000e+00
3.155049324040000158e+00
3.155049324040000158e+00
0.000000000000000000e+00
0.000000000000000000e+00
0.000000000000000000e+00
0.000000000000000000e+00
0.000000000000000000e+00
3.922783434389999768e-01
0.000000000000000000e+00
0.000000000000000000e+00
0.000000000000000000e+00
3.922783434389999768e-01
3.922783434389999768e-01
3.922783434389999768e-01
0.000000000000000000e+00
3.922783434389999768e-01
3.922783434389999768e-01
3.922783434389999768e-01
0.000000000000000000e+00
3.922783434389999768e-01
0.000000000000000000e+00
3.922783434389999768e-01
3.922783434389999768e-01
3.922783434389999768e-01
0.000000000000000000e+00
3.922783434389999768e-01
3.922783434389999768e-01
0.000000000000000000e+00
0.000000000000000000e+00
0.000000000000000000e+00
0.000000000000000000e+00
0.000000000000000000e+00
0.000000000000000000e+00
0.000000000000000000e+00
0.000000000000000000e+00
3.922783434389999768e-01
3.922783434389999768e-01
7.521864771840000019e-01
0.000000000000000000e+00
0.000000000000000000e+00
6.148664951319999794e+00
0.000000000000000000e+00
3.922783434389999768e-01
7.007103919979999596e+00
3.922783434389999768e-01
0.000000000000000000e+00
0.000000000000000000e+00
6.148664951319999794e+00
7.007103919979999596e+00
7.007103919979999596e+00
