0.000000000000000000e+00
0.000000000000000000e+00
0.000000000000000000e+00
4.776276111599999652e+00
3.017923831940000134e+00
4.673448085779999595e+00
4.673448085779999595e+00
4.673448085779999595e+00
0.000000000000000000e+00
1.383610606189999981e+00
4.673448085779999595e+00
0.000000000000000000e+00
4.673448085779999595e+00
4.673448085779999595e+00
4.776276111599999652e+00
4.673448085779999595e+00
4.673448085779999595e+00
0.000000000000000000e+00
4.673448085779999595e+00
4.673448085779999595e+00
1.313095808029999922e+00
9.417451858519999774e+00
0.000000000000000000e+00
4.776276111599999652e+00
4.776276111599999652e+00
4.776276111599999652e+00
0.000000000000000000e+00
4.810726642609999715e+00
4.673448085779999595e+00
4.673448085779999595e+00
3.380750179290000101e+00
4.673448085779999595e+00
4.673448085779999595e+00
3.736880064010000169e+00
3.736880064010000169e+00
4.673448085779999595e+00
4.810726642609999715e+00
4.673448085779999595e+00
4.673448085779999595e+00
9.417451858519999774e+00
0.000000000000000000e+00
9.003770351409999817e-01
4.810726642609999715e+00
3.736880064010000169e+00
4.776276111599999652e+00
1.359429478650000078e+00
0.000000000000000000e+00
9.417451858519999774e+00
4.776276111599999652e+00
0.000000000000000000e+00
0.000000000000000000e+00
4.810726642609999715e+00
3.808445453640000089e+00
0.000000000000000000e+00
7.561009407040000241e+00
0.000000000000000000e+00
9.003770351409999817e-01
3.736880064010000169e+00
4.810726642609999715e+00
3.808445453640000089e+00
3.736880064010000169e+00
0.000000000000000000e+00
3.736880064010000169e+00
3.736880064010000169e+00
3.736880064010000169e+00
3.380750179290000101e+00
1.263032317159999973e+00
0.000000000000000000e+00
3.808445453640000089e+00
3.736880064010000169e+00
3.736880064010000169e+00
3.736880064010000169e+00
3.736880064010000169e+00
3.736880064010000169e+00
3.736880064010000169e+00
3.736880064010000169e+00
1.263032317159999973e+00
1.263032317159999973e+00
9.003770351409999817e-01
3.736880064010000169e+00
3.736880064010000169e+00
3.736880064010000169e+00
3.736880064010000169e+00
3.736880064010000169e+00
3.736880064010000169e+00
3.736880064010000169e+00
3.808445453640000089e+00
1.263032317159999973e+00
3.736880064010000169e+00
3.736880064010000169e+00
3.736880064010000169e+00
3.736880064010000169e+00
3.736880064010000169e+00
3.736880064010000169e+00
3.808445453640000089e+00
