2.055870294570000034e+00
2.055870294570000034e+00
0.000000000000000000e+00
0.000000000000000000e+00
2.450660943980000006e+00
0.000000000000000000e+00
2.450660943980000006e+00
0.000000000000000000e+00
0.000000000000000000e+00
0.000000000000000000e+00
0.000000000000000000e+00
0.000000000000000000e+00
0.000000000000000000e+00
0.000000000000000000e+00
0.000000000000000000e+00
0.000000000000000000e+00
0.000000000000000000e+00
0.000000000000000000e+00
9.350256919860000515e-01
0.000000000000000000e+00
0.000000000000000000e+00
9.350256919860000515e-01
0.000000000000000000e+00
0.000000000000000000e+00
0.000000000000000000e+00
0.000000000000000000e+00
0.000000000000000000e+00
0.000000000000000000e+00
0.000000000000000000e+00
2.997578144069999784e+00
0.000000000000000000e+00
9.350256919860000515e-01
9.350256919860000515e-01
0.000000000000000000e+00
9.350256919860000515e-01
0.000000000000000000e+00
9.350256919860000515e-01
6.901936054230000117e+00
0.000000000000000000e+00
9.350256919860000515e-01
9.411114454269999818e-01
9.411114454269999818e-01
0.000000000000000000e+00
9.350256919860000515e-01
6.879762649539999941e+00
0.000000000000000000e+00
0.000000000000000000e+00
0.000000000000000000e+00
0.000000000000000000e+00
0.000000000000000000e+00
9.411114454269999818e-01
9.411114454269999818e-01
0.000000000000000000e+00
0.000000000000000000e+00
0.000000000000000000e+00
9.411114454269999818e-01
0.000000000000000000e+00
9.350256919860000515e-01
9.411114454269999818e-01
1.002179265020000098e+00
0.000000000000000000e+00
0.000000000000000000e+00
0.000000000000000000e+00
9.350256919860000515e-01
0.000000000000000000e+00
0.000000000000000000e+00
0.000000000000000000e+00
