0.000000000000000000e+00
0.000000000000000000e+00
0.000000000000000000e+00
0.000000000000000000e+00
6.184062957760000145e+00
0.000000000000000000e+00
0.000000000000000000e+00
0.000000000000000000e+00
0.000000000000000000e+00
0.000000000000000000e+00
0.000000000000000000e+00
9.977940917019999523e-01
0.000000000000000000e+00
0.000000000000000000e+00
0.000000000000000000e+00
0.000000000000000000e+00
7.045627593989999937e+00
0.000000000000000000e+00
0.000000000000000000e+00
6.184062957760000145e+00
7.286302089690000372e+00
7.286302089690000372e+00
7.286302089690000372e+00
0.000000000000000000e+00
1.564350962640000064e+00
0.000000000000000000e+00
0.000000000000000000e+00
0.000000000000000000e+00
0.000000000000000000e+00
0.000000000000000000e+00
0.000000000000000000e+00
7.286302089690000372e+00
0.000000000000000000e+00
0.000000000000000000e+00
0.000000000000000000e+00
7.286302089690000372e+00
7.286302089690000372e+00
0.000000000000000000e+00
6.184062957760000145e+00
7.045627593989999937e+00
1.097417736050000059e+01
0.000000000000000000e+00
0.000000000000000000e+00
0.000000000000000000e+00
0.000000000000000000e+00
6.184062957760000145e+00
8.132054328920000685e+00
0.000000000000000000e+00
0.000000000000000000e+00
0.000000000000000000e+00
0.000000000000000000e+00
0.000000000000000000e+00
7.286302089690000372e+00
0.000000000000000000e+00
0.000000000000000000e+00
0.000000000000000000e+00
7.286302089690000372e+00
7.286302089690000372e+00
0.000000000000000000e+00
0.000000000000000000e+00
0.000000000000000000e+00
0.000000000000000000e+00
0.000000000000000000e+00
0.000000000000000000e+00
0.000000000000000000e+00
7.286302089690000372e+00
6.940356254580000162e+00
0.000000000000000000e+00
0.000000000000000000e+00
6.184062957760000145e+00
6.184062957760000145e+00
1.097417736050000059e+01
0.000000000000000000e+00
0.000000000000000000e+00
0.000000000000000000e+00
0.000000000000000000e+00
7.286302089690000372e+00
0.000000000000000000e+00
0.000000000000000000e+00
7.045627593989999937e+00
0.000000000000000000e+00
6.184062957760000145e+00
7.045627593989999937e+00
0.000000000000000000e+00
0.000000000000000000e+00
7.286302089690000372e+00
0.000000000000000000e+00
1.097417736050000059e+01
0.000000000000000000e+00
0.000000000000000000e+00
0.000000000000000000e+00
6.184062957760000145e+00
0.000000000000000000e+00
0.000000000000000000e+00
8.132054328920000685e+00
0.000000000000000000e+00
0.000000000000000000e+00
0.000000000000000000e+00
8.132054328920000685e+00
0.000000000000000000e+00
0.000000000000000000e+00
0.000000000000000000e+00
0.000000000000000000e+00
0.000000000000000000e+00
0.000000000000000000e+00
6.184062957760000145e+00
6.073101520539999854e+00
6.940356254580000162e+00
4.307503223420000360e+00
0.000000000000000000e+00
0.000000000000000000e+00
7.045627593989999937e+00
6.184062957760000145e+00
0.000000000000000000e+00
6.184062957760000145e+00
6.184062957760000145e+00
6.940356254580000162e+00
0.000000000000000000e+00
6.184062957760000145e+00
6.940356254580000162e+00
0.000000000000000000e+00
0.000000000000000000e+00
0.000000000000000000e+00
6.184062957760000145e+00
0.000000000000000000e+00
0.000000000000000000e+00
0.000000000000000000e+00
0.000000000000000000e+00
3.026315689090000038e+00
7.045627593989999937e+00
7.045627593989999937e+00
0.000000000000000000e+00
0.000000000000000000e+00
0.000000000000000000e+00
0.000000000000000000e+00
0.000000000000000000e+00
0.000000000000000000e+00
7.286302089690000372e+00
1.033735871319999999e+00
0.000000000000000000e+00
0.000000000000000000e+00
3.475409507749999793e+00
0.000000000000000000e+00
6.184062957760000145e+00
3.938082218169999926e+00
1.995754957199999957e+00
1.995754957199999957e+00
1.995754957199999957e+00
0.000000000000000000e+00
0.000000000000000000e+00
3.938082218169999926e+00
0.000000000000000000e+00
3.475409507749999793e+00
0.000000000000000000e+00
0.000000000000000000e+00
0.000000000000000000e+00
0.000000000000000000e+00
3.938082218169999926e+00
0.000000000000000000e+00
0.000000000000000000e+00
0.000000000000000000e+00
0.000000000000000000e+00
3.475409507749999793e+00
0.000000000000000000e+00
0.000000000000000000e+00
