0.000000000000000000e+00
0.000000000000000000e+00
3.017923831940000134e+00
0.000000000000000000e+00
0.000000000000000000e+00
0.000000000000000000e+00
0.000000000000000000e+00
2.910197734830000105e+00
0.000000000000000000e+00
0.000000000000000000e+00
2.910197734830000105e+00
0.000000000000000000e+00
0.000000000000000000e+00
0.000000000000000000e+00
0.000000000000000000e+00
0.000000000000000000e+00
5.084338188170000272e+00
0.000000000000000000e+00
0.000000000000000000e+00
0.000000000000000000e+00
0.000000000000000000e+00
9.756251573559999724e-01
0.000000000000000000e+00
0.000000000000000000e+00
0.000000000000000000e+00
0.000000000000000000e+00
0.000000000000000000e+00
4.055149078370000382e+00
0.000000000000000000e+00
0.000000000000000000e+00
3.736141443250000194e+00
0.000000000000000000e+00
0.000000000000000000e+00
0.000000000000000000e+00
