5.257296085360000149e+00
5.257296085360000149e+00
9.003770351409999817e-01
5.257296085360000149e+00
5.257296085360000149e+00
5.257296085360000149e+00
5.257296085360000149e+00
5.257296085360000149e+00
0.000000000000000000e+00
0.000000000000000000e+00
9.964087605479999832e-01
5.257296085360000149e+00
5.017882823939999959e+00
5.072010040280000354e+00
0.000000000000000000e+00
5.257296085360000149e+00
5.017882823939999959e+00
5.257296085360000149e+00
5.257296085360000149e+00
0.000000000000000000e+00
5.257296085360000149e+00
0.000000000000000000e+00
0.000000000000000000e+00
9.003770351409999817e-01
5.257296085360000149e+00
5.017882823939999959e+00
5.017882823939999959e+00
5.257296085360000149e+00
6.406172752379999835e+00
0.000000000000000000e+00
0.000000000000000000e+00
5.017882823939999959e+00
5.257296085360000149e+00
5.257296085360000149e+00
5.257296085360000149e+00
4.666573047640000027e+00
5.517555236819999820e+00
0.000000000000000000e+00
1.992679715159999976e+00
5.257296085360000149e+00
0.000000000000000000e+00
5.423128604889999593e+00
8.497932553289999635e-01
0.000000000000000000e+00
0.000000000000000000e+00
5.017882823939999959e+00
5.257296085360000149e+00
0.000000000000000000e+00
0.000000000000000000e+00
0.000000000000000000e+00
0.000000000000000000e+00
4.397988319399999568e+00
0.000000000000000000e+00
0.000000000000000000e+00
0.000000000000000000e+00
4.342198371890000352e+00
0.000000000000000000e+00
0.000000000000000000e+00
3.146183729170000110e+00
4.397988319399999568e+00
4.397988319399999568e+00
0.000000000000000000e+00
0.000000000000000000e+00
4.342198371890000352e+00
0.000000000000000000e+00
0.000000000000000000e+00
