9.976294636729999832e-01
0.000000000000000000e+00
1.990744709969999970e+00
9.976294636729999832e-01
9.976294636729999832e-01
9.976294636729999832e-01
9.976294636729999832e-01
1.010070419310000034e+01
9.976294636729999832e-01
0.000000000000000000e+00
1.010070419310000034e+01
0.000000000000000000e+00
0.000000000000000000e+00
0.000000000000000000e+00
0.000000000000000000e+00
0.000000000000000000e+00
5.969434261319999990e+00
0.000000000000000000e+00
1.249572157860000088e+00
0.000000000000000000e+00
0.000000000000000000e+00
0.000000000000000000e+00
0.000000000000000000e+00
0.000000000000000000e+00
1.249572157860000088e+00
8.947513580320000770e+00
1.249572157860000088e+00
6.525316715239999787e+00
9.976294636729999832e-01
0.000000000000000000e+00
5.638137817379999639e+00
1.249572157860000088e+00
9.976294636729999832e-01
0.000000000000000000e+00
