0.000000000000000000e+00
0.000000000000000000e+00
0.000000000000000000e+00
0.000000000000000000e+00
3.278732538219999881e+00
0.000000000000000000e+00
0.000000000000000000e+00
0.000000000000000000e+00
0.000000000000000000e+00
0.000000000000000000e+00
0.000000000000000000e+00
2.993884325029999793e+00
0.000000000000000000e+00
0.000000000000000000e+00
0.000000000000000000e+00
0.000000000000000000e+00
2.628793954849999892e+00
0.000000000000000000e+00
0.000000000000000000e+00
3.278732538219999881e+00
2.823080062869999907e+00
2.823080062869999907e+00
2.823080062869999907e+00
2.269994020459999984e+00
4.731183052059999561e+00
2.006978034969999936e+00
2.269994020459999984e+00
0.000000000000000000e+00
0.000000000000000000e+00
0.000000000000000000e+00
0.000000000000000000e+00
2.823080062869999907e+00
0.000000000000000000e+00
0.000000000000000000e+00
0.000000000000000000e+00
2.823080062869999907e+00
2.823080062869999907e+00
0.000000000000000000e+00
3.278732538219999881e+00
2.628793954849999892e+00
8.926173448559999724e-01
0.000000000000000000e+00
0.000000000000000000e+00
0.000000000000000000e+00
0.000000000000000000e+00
3.278732538219999881e+00
2.023389339449999991e+00
2.269994020459999984e+00
0.000000000000000000e+00
0.000000000000000000e+00
0.000000000000000000e+00
0.000000000000000000e+00
2.823080062869999907e+00
0.000000000000000000e+00
0.000000000000000000e+00
0.000000000000000000e+00
2.823080062869999907e+00
2.823080062869999907e+00
2.006978034969999936e+00
0.000000000000000000e+00
0.000000000000000000e+00
0.000000000000000000e+00
0.000000000000000000e+00
0.000000000000000000e+00
0.000000000000000000e+00
2.823080062869999907e+00
2.799468755719999979e+00
0.000000000000000000e+00
0.000000000000000000e+00
3.278732538219999881e+00
3.278732538219999881e+00
8.926173448559999724e-01
0.000000000000000000e+00
0.000000000000000000e+00
0.000000000000000000e+00
0.000000000000000000e+00
2.823080062869999907e+00
0.000000000000000000e+00
0.000000000000000000e+00
2.628793954849999892e+00
0.000000000000000000e+00
3.278732538219999881e+00
2.628793954849999892e+00
0.000000000000000000e+00
0.000000000000000000e+00
2.823080062869999907e+00
0.000000000000000000e+00
8.926173448559999724e-01
0.000000000000000000e+00
0.000000000000000000e+00
0.000000000000000000e+00
3.278732538219999881e+00
0.000000000000000000e+00
0.000000000000000000e+00
2.023389339449999991e+00
0.000000000000000000e+00
0.000000000000000000e+00
0.000000000000000000e+00
2.023389339449999991e+00
2.269994020459999984e+00
0.000000000000000000e+00
0.000000000000000000e+00
0.000000000000000000e+00
0.000000000000000000e+00
0.000000000000000000e+00
3.278732538219999881e+00
2.775145292279999953e+00
2.799468755719999979e+00
5.134805679320000316e+00
0.000000000000000000e+00
0.000000000000000000e+00
2.628793954849999892e+00
3.278732538219999881e+00
0.000000000000000000e+00
3.278732538219999881e+00
3.278732538219999881e+00
2.799468755719999979e+00
0.000000000000000000e+00
3.278732538219999881e+00
2.799468755719999979e+00
0.000000000000000000e+00
0.000000000000000000e+00
0.000000000000000000e+00
3.278732538219999881e+00
0.000000000000000000e+00
0.000000000000000000e+00
1.123899459840000059e+00
0.000000000000000000e+00
0.000000000000000000e+00
2.628793954849999892e+00
2.628793954849999892e+00
0.000000000000000000e+00
0.000000000000000000e+00
0.000000000000000000e+00
0.000000000000000000e+00
1.123899459840000059e+00
0.000000000000000000e+00
2.823080062869999907e+00
3.701691150669999875e+00
0.000000000000000000e+00
0.000000000000000000e+00
5.385647773739999700e+00
0.000000000000000000e+00
3.278732538219999881e+00
4.768114089970000080e+00
0.000000000000000000e+00
0.000000000000000000e+00
0.000000000000000000e+00
0.000000000000000000e+00
0.000000000000000000e+00
4.768114089970000080e+00
0.000000000000000000e+00
5.385647773739999700e+00
0.000000000000000000e+00
0.000000000000000000e+00
1.123899459840000059e+00
1.428730368609999912e+00
4.768114089970000080e+00
0.000000000000000000e+00
0.000000000000000000e+00
0.000000000000000000e+00
0.000000000000000000e+00
5.385647773739999700e+00
0.000000000000000000e+00
1.123899459840000059e+00
