6.711164712910000496e-01
6.711164712910000496e-01
6.711164712910000496e-01
0.000000000000000000e+00
1.993838787080000063e+00
1.214866995810000017e+00
1.000044822690000057e+00
1.000044822690000057e+00
9.995188117030000541e-01
6.711164712910000496e-01
6.711164712910000496e-01
3.100341081619999883e+00
1.000044822690000057e+00
6.711164712910000496e-01
1.214866995810000017e+00
6.711164712910000496e-01
1.993838787080000063e+00
6.711164712910000496e-01
0.000000000000000000e+00
1.993838787080000063e+00
2.990533828739999844e+00
2.990533828739999844e+00
2.990533828739999844e+00
2.269994020459999984e+00
3.736141443250000194e+00
2.006978034969999936e+00
2.269994020459999984e+00
6.711164712910000496e-01
6.711164712910000496e-01
6.711164712910000496e-01
1.207805871959999999e+00
2.990533828739999844e+00
0.000000000000000000e+00
0.000000000000000000e+00
0.000000000000000000e+00
2.990533828739999844e+00
2.990533828739999844e+00
6.711164712910000496e-01
1.993838787080000063e+00
1.993838787080000063e+00
4.775144100190000351e+00
0.000000000000000000e+00
0.000000000000000000e+00
0.000000000000000000e+00
0.000000000000000000e+00
1.993838787080000063e+00
2.990533828739999844e+00
2.269994020459999984e+00
1.000044822690000057e+00
1.207805871959999999e+00
6.711164712910000496e-01
6.711164712910000496e-01
2.990533828739999844e+00
1.207805871959999999e+00
0.000000000000000000e+00
0.000000000000000000e+00
2.990533828739999844e+00
2.990533828739999844e+00
2.006978034969999936e+00
6.711164712910000496e-01
6.711164712910000496e-01
2.000263929369999971e+00
6.711164712910000496e-01
0.000000000000000000e+00
1.207805871959999999e+00
2.990533828739999844e+00
9.969950914380000251e-01
0.000000000000000000e+00
0.000000000000000000e+00
1.993838787080000063e+00
1.993838787080000063e+00
4.775144100190000351e+00
9.995188117030000541e-01
1.207805871959999999e+00
9.995188117030000541e-01
1.214866995810000017e+00
2.990533828739999844e+00
1.207805871959999999e+00
1.207805871959999999e+00
1.993838787080000063e+00
0.000000000000000000e+00
1.993838787080000063e+00
1.993838787080000063e+00
6.711164712910000496e-01
6.711164712910000496e-01
2.990533828739999844e+00
0.000000000000000000e+00
4.775144100190000351e+00
6.711164712910000496e-01
1.207805871959999999e+00
0.000000000000000000e+00
1.993838787080000063e+00
0.000000000000000000e+00
0.000000000000000000e+00
2.990533828739999844e+00
0.000000000000000000e+00
0.000000000000000000e+00
0.000000000000000000e+00
2.990533828739999844e+00
2.269994020459999984e+00
1.342204689979999976e+00
0.000000000000000000e+00
2.000263929369999971e+00
6.711164712910000496e-01
0.000000000000000000e+00
1.993838787080000063e+00
9.969950914380000251e-01
9.969950914380000251e-01
5.134805679320000316e+00
0.000000000000000000e+00
1.342204689979999976e+00
1.993838787080000063e+00
1.993838787080000063e+00
0.000000000000000000e+00
1.993838787080000063e+00
1.993838787080000063e+00
9.969950914380000251e-01
6.711164712910000496e-01
1.993838787080000063e+00
9.969950914380000251e-01
1.704513072969999987e+00
1.000218987460000042e+00
0.000000000000000000e+00
1.993838787080000063e+00
1.235841393470000105e+00
0.000000000000000000e+00
1.123899459840000059e+00
2.000263929369999971e+00
0.000000000000000000e+00
1.993838787080000063e+00
1.993838787080000063e+00
0.000000000000000000e+00
0.000000000000000000e+00
9.996944665910000305e-01
0.000000000000000000e+00
1.123899459840000059e+00
9.995188117030000541e-01
2.990533828739999844e+00
3.701691150669999875e+00
7.333104014400000370e-01
0.000000000000000000e+00
5.385647773739999700e+00
1.214866995810000017e+00
1.993838787080000063e+00
4.768114089970000080e+00
0.000000000000000000e+00
0.000000000000000000e+00
0.000000000000000000e+00
6.580442786219999896e-01
0.000000000000000000e+00
4.768114089970000080e+00
0.000000000000000000e+00
5.385647773739999700e+00
0.000000000000000000e+00
0.000000000000000000e+00
1.123899459840000059e+00
1.428730368609999912e+00
4.768114089970000080e+00
1.235841393470000105e+00
1.235841393470000105e+00
0.000000000000000000e+00
0.000000000000000000e+00
5.385647773739999700e+00
0.000000000000000000e+00
1.123899459840000059e+00
