5.530609130860000278e+00
1.307233095169999970e+00
0.000000000000000000e+00
0.000000000000000000e+00
0.000000000000000000e+00
5.530609130860000278e+00
0.000000000000000000e+00
5.018160939219999950e-01
0.000000000000000000e+00
0.000000000000000000e+00
8.308321237560000183e-01
1.493134856219999973e+00
8.404408693310000400e-01
5.423128604889999593e+00
1.493134856219999973e+00
0.000000000000000000e+00
0.000000000000000000e+00
0.000000000000000000e+00
0.000000000000000000e+00
0.000000000000000000e+00
1.003603577610000075e+00
5.423128604889999593e+00
5.423128604889999593e+00
5.423128604889999593e+00
5.423128604889999593e+00
0.000000000000000000e+00
0.000000000000000000e+00
0.000000000000000000e+00
1.962525486949999953e+00
0.000000000000000000e+00
1.003603577610000075e+00
5.423128604889999593e+00
5.423128604889999593e+00
0.000000000000000000e+00
0.000000000000000000e+00
0.000000000000000000e+00
1.003603577610000075e+00
1.003603577610000075e+00
1.003603577610000075e+00
1.003603577610000075e+00
1.003603577610000075e+00
5.423128604889999593e+00
5.423128604889999593e+00
6.037740111349999550e-01
1.962525486949999953e+00
0.000000000000000000e+00
1.003603577610000075e+00
1.003603577610000075e+00
5.423128604889999593e+00
0.000000000000000000e+00
1.003603577610000075e+00
5.988284587859999952e+00
0.000000000000000000e+00
0.000000000000000000e+00
0.000000000000000000e+00
0.000000000000000000e+00
0.000000000000000000e+00
1.003603577610000075e+00
5.018160939219999950e-01
5.423128604889999593e+00
0.000000000000000000e+00
0.000000000000000000e+00
8.404408693310000400e-01
1.962525486949999953e+00
5.423128604889999593e+00
5.423128604889999593e+00
5.423128604889999593e+00
0.000000000000000000e+00
4.444561004639999702e+00
8.404408693310000400e-01
0.000000000000000000e+00
0.000000000000000000e+00
0.000000000000000000e+00
0.000000000000000000e+00
0.000000000000000000e+00
0.000000000000000000e+00
0.000000000000000000e+00
1.962525486949999953e+00
5.018160939219999950e-01
6.156729221340000002e+00
0.000000000000000000e+00
0.000000000000000000e+00
0.000000000000000000e+00
1.830134034160000089e+00
0.000000000000000000e+00
1.830134034160000089e+00
0.000000000000000000e+00
9.150727391240000008e-01
0.000000000000000000e+00
0.000000000000000000e+00
0.000000000000000000e+00
0.000000000000000000e+00
0.000000000000000000e+00
0.000000000000000000e+00
0.000000000000000000e+00
0.000000000000000000e+00
0.000000000000000000e+00
0.000000000000000000e+00
0.000000000000000000e+00
0.000000000000000000e+00
0.000000000000000000e+00
0.000000000000000000e+00
0.000000000000000000e+00
0.000000000000000000e+00
0.000000000000000000e+00
1.962525486949999953e+00
0.000000000000000000e+00
0.000000000000000000e+00
0.000000000000000000e+00
1.001562356950000066e+00
0.000000000000000000e+00
0.000000000000000000e+00
0.000000000000000000e+00
0.000000000000000000e+00
1.962525486949999953e+00
0.000000000000000000e+00
0.000000000000000000e+00
0.000000000000000000e+00
