0.000000000000000000e+00
0.000000000000000000e+00
0.000000000000000000e+00
0.000000000000000000e+00
1.228892683980000067e+00
1.621574997900000037e+00
1.228892683980000067e+00
0.000000000000000000e+00
1.450148105620000072e+00
1.467568993570000035e+00
2.989654302599999980e+00
2.653698921200000171e+00
1.760857939719999932e+00
2.653698921200000171e+00
1.001720905300000020e+00
1.760857939719999932e+00
1.760857939719999932e+00
2.653698921200000171e+00
3.454659938809999886e+00
2.076129674909999778e+00
1.760857939719999932e+00
3.454659938809999886e+00
2.675504207609999963e+00
1.450148105620000072e+00
1.760857939719999932e+00
1.450148105620000072e+00
2.002639293670000153e+00
1.760857939719999932e+00
1.760857939719999932e+00
1.242736935619999983e+00
5.814715862269999924e+00
3.454659938809999886e+00
3.454659938809999886e+00
4.984299182890000068e+00
3.454659938809999886e+00
2.675504207609999963e+00
3.454659938809999886e+00
2.211278438569999949e+00
4.984299182890000068e+00
3.454659938809999886e+00
3.001940727230000050e+00
3.001940727230000050e+00
1.001720905300000020e+00
3.454659938809999886e+00
2.801121711730000019e+00
1.943138003350000087e+00
2.495343446730000192e+00
9.944182038309999916e-01
1.467568993570000035e+00
1.386132478710000004e+00
3.001940727230000050e+00
3.001940727230000050e+00
1.450148105620000072e+00
1.467568993570000035e+00
4.984299182890000068e+00
3.001940727230000050e+00
5.859186172490000288e+00
3.454659938809999886e+00
3.001940727230000050e+00
1.365139961239999922e+00
1.760857939719999932e+00
3.103001415730000101e-01
4.984299182890000068e+00
3.454659938809999886e+00
5.041980266570000424e+00
5.814715862269999924e+00
4.984299182890000068e+00
