1.295139789580000089e+00
2.033203601839999930e+00
0.000000000000000000e+00
1.295139789580000089e+00
1.929686069489999989e+00
1.929686069489999989e+00
1.295139789580000089e+00
1.012405014039999962e+01
1.929686069489999989e+00
5.611061453819999878e-01
1.012405014039999962e+01
0.000000000000000000e+00
0.000000000000000000e+00
0.000000000000000000e+00
0.000000000000000000e+00
0.000000000000000000e+00
3.922783434389999768e-01
1.001072287559999996e+00
3.994232177729999833e+00
0.000000000000000000e+00
0.000000000000000000e+00
0.000000000000000000e+00
0.000000000000000000e+00
1.001072287559999996e+00
3.994232177729999833e+00
7.532569408419999668e+00
3.994232177729999833e+00
1.880035042760000108e+00
1.929686069489999989e+00
0.000000000000000000e+00
2.166271448139999833e+00
3.994232177729999833e+00
1.295139789580000089e+00
0.000000000000000000e+00
