0.000000000000000000e+00
0.000000000000000000e+00
0.000000000000000000e+00
0.000000000000000000e+00
6.977601528170000122e+00
0.000000000000000000e+00
0.000000000000000000e+00
0.000000000000000000e+00
0.000000000000000000e+00
0.000000000000000000e+00
0.000000000000000000e+00
1.995754957199999957e+00
0.000000000000000000e+00
0.000000000000000000e+00
0.000000000000000000e+00
0.000000000000000000e+00
7.481321811679999989e+00
0.000000000000000000e+00
0.000000000000000000e+00
6.977601528170000122e+00
6.725128173829999945e+00
6.725128173829999945e+00
6.725128173829999945e+00
3.889176607130000018e+00
2.005617380139999906e+00
3.150711774829999978e+00
3.889176607130000018e+00
0.000000000000000000e+00
0.000000000000000000e+00
0.000000000000000000e+00
0.000000000000000000e+00
6.725128173829999945e+00
0.000000000000000000e+00
0.000000000000000000e+00
0.000000000000000000e+00
6.725128173829999945e+00
6.725128173829999945e+00
0.000000000000000000e+00
6.977601528170000122e+00
7.481321811679999989e+00
8.826754570009999412e+00
0.000000000000000000e+00
0.000000000000000000e+00
0.000000000000000000e+00
0.000000000000000000e+00
6.977601528170000122e+00
7.362584590910000060e+00
3.889176607130000018e+00
0.000000000000000000e+00
0.000000000000000000e+00
0.000000000000000000e+00
0.000000000000000000e+00
6.725128173829999945e+00
0.000000000000000000e+00
0.000000000000000000e+00
0.000000000000000000e+00
6.725128173829999945e+00
6.725128173829999945e+00
3.150711774829999978e+00
0.000000000000000000e+00
0.000000000000000000e+00
0.000000000000000000e+00
0.000000000000000000e+00
0.000000000000000000e+00
0.000000000000000000e+00
6.725128173829999945e+00
7.807478427889999573e+00
0.000000000000000000e+00
0.000000000000000000e+00
6.977601528170000122e+00
6.977601528170000122e+00
8.826754570009999412e+00
0.000000000000000000e+00
0.000000000000000000e+00
0.000000000000000000e+00
0.000000000000000000e+00
6.725128173829999945e+00
0.000000000000000000e+00
0.000000000000000000e+00
7.481321811679999989e+00
0.000000000000000000e+00
6.977601528170000122e+00
7.481321811679999989e+00
0.000000000000000000e+00
0.000000000000000000e+00
6.725128173829999945e+00
0.000000000000000000e+00
8.826754570009999412e+00
0.000000000000000000e+00
0.000000000000000000e+00
0.000000000000000000e+00
6.977601528170000122e+00
0.000000000000000000e+00
0.000000000000000000e+00
7.362584590910000060e+00
0.000000000000000000e+00
0.000000000000000000e+00
0.000000000000000000e+00
7.362584590910000060e+00
3.889176607130000018e+00
0.000000000000000000e+00
0.000000000000000000e+00
0.000000000000000000e+00
0.000000000000000000e+00
0.000000000000000000e+00
6.977601528170000122e+00
6.940356254580000162e+00
7.807478427889999573e+00
8.764928817750000434e+00
0.000000000000000000e+00
0.000000000000000000e+00
7.481321811679999989e+00
6.977601528170000122e+00
0.000000000000000000e+00
6.977601528170000122e+00
6.977601528170000122e+00
7.807478427889999573e+00
0.000000000000000000e+00
6.977601528170000122e+00
7.807478427889999573e+00
0.000000000000000000e+00
0.000000000000000000e+00
0.000000000000000000e+00
6.977601528170000122e+00
0.000000000000000000e+00
0.000000000000000000e+00
4.327404499050000020e+00
0.000000000000000000e+00
9.986438751220000354e-01
7.481321811679999989e+00
7.481321811679999989e+00
0.000000000000000000e+00
0.000000000000000000e+00
0.000000000000000000e+00
0.000000000000000000e+00
4.327404499050000020e+00
0.000000000000000000e+00
6.725128173829999945e+00
3.164049148560000191e+00
0.000000000000000000e+00
0.000000000000000000e+00
8.984413146970000597e+00
0.000000000000000000e+00
6.977601528170000122e+00
8.851485252379999835e+00
0.000000000000000000e+00
0.000000000000000000e+00
0.000000000000000000e+00
0.000000000000000000e+00
0.000000000000000000e+00
8.851485252379999835e+00
0.000000000000000000e+00
8.984413146970000597e+00
0.000000000000000000e+00
0.000000000000000000e+00
4.327404499050000020e+00
4.151890754700000130e+00
8.851485252379999835e+00
0.000000000000000000e+00
0.000000000000000000e+00
0.000000000000000000e+00
0.000000000000000000e+00
8.984413146970000597e+00
0.000000000000000000e+00
4.327404499050000020e+00
