0.000000000000000000e+00
0.000000000000000000e+00
2.701078414920000004e+00
0.000000000000000000e+00
0.000000000000000000e+00
0.000000000000000000e+00
0.000000000000000000e+00
0.000000000000000000e+00
0.000000000000000000e+00
1.810883760450000102e+00
3.477839231489999960e+00
0.000000000000000000e+00
0.000000000000000000e+00
2.814492225650000012e+00
1.993784785269999915e+00
0.000000000000000000e+00
0.000000000000000000e+00
0.000000000000000000e+00
0.000000000000000000e+00
1.993784785269999915e+00
0.000000000000000000e+00
1.993784785269999915e+00
1.003762006759999936e+00
2.701078414920000004e+00
0.000000000000000000e+00
0.000000000000000000e+00
0.000000000000000000e+00
0.000000000000000000e+00
6.065716266629999964e+00
2.295405387879999815e+00
0.000000000000000000e+00
0.000000000000000000e+00
0.000000000000000000e+00
0.000000000000000000e+00
0.000000000000000000e+00
0.000000000000000000e+00
0.000000000000000000e+00
1.493134856219999973e+00
3.391664981839999982e+00
0.000000000000000000e+00
2.079702138900000108e+00
5.186791419979999596e+00
1.978357553479999975e+00
2.079702138900000108e+00
2.295405387879999815e+00
0.000000000000000000e+00
0.000000000000000000e+00
2.079702138900000108e+00
1.122182965279999944e+00
0.000000000000000000e+00
0.000000000000000000e+00
0.000000000000000000e+00
6.447699069979999642e-01
2.295405387879999815e+00
1.122182965279999944e+00
5.668505191799999565e+00
2.521246433259999975e+00
1.514648199080000035e+00
0.000000000000000000e+00
0.000000000000000000e+00
0.000000000000000000e+00
1.493134856219999973e+00
1.683200955390000031e+00
5.668505191799999565e+00
0.000000000000000000e+00
1.939720749859999982e+00
