1.638677597050000045e+00
1.638677597050000045e+00
0.000000000000000000e+00
0.000000000000000000e+00
3.712428808209999875e+00
0.000000000000000000e+00
3.712428808209999875e+00
0.000000000000000000e+00
3.386728525160000114e+00
0.000000000000000000e+00
0.000000000000000000e+00
0.000000000000000000e+00
0.000000000000000000e+00
0.000000000000000000e+00
2.587959766390000027e+00
0.000000000000000000e+00
0.000000000000000000e+00
0.000000000000000000e+00
0.000000000000000000e+00
5.317891240119999585e-01
0.000000000000000000e+00
0.000000000000000000e+00
9.003770351409999817e-01
3.386728525160000114e+00
0.000000000000000000e+00
3.386728525160000114e+00
2.079702138900000108e+00
0.000000000000000000e+00
0.000000000000000000e+00
3.509106159209999909e+00
0.000000000000000000e+00
0.000000000000000000e+00
0.000000000000000000e+00
0.000000000000000000e+00
0.000000000000000000e+00
9.003770351409999817e-01
0.000000000000000000e+00
6.007639408110000190e+00
0.000000000000000000e+00
0.000000000000000000e+00
0.000000000000000000e+00
0.000000000000000000e+00
2.587959766390000027e+00
0.000000000000000000e+00
5.970187187189999634e+00
0.000000000000000000e+00
0.000000000000000000e+00
0.000000000000000000e+00
0.000000000000000000e+00
0.000000000000000000e+00
0.000000000000000000e+00
0.000000000000000000e+00
3.054736614229999869e+00
0.000000000000000000e+00
0.000000000000000000e+00
0.000000000000000000e+00
0.000000000000000000e+00
0.000000000000000000e+00
0.000000000000000000e+00
3.596425533290000143e+00
0.000000000000000000e+00
1.621574997900000037e+00
0.000000000000000000e+00
0.000000000000000000e+00
0.000000000000000000e+00
0.000000000000000000e+00
0.000000000000000000e+00
