-8.411963161696127145e+01 7.077699774964013102e+01
1.176038441850850944e+02 4.005347397209318672e+01
-6.699902445178997823e+01 -3.041905608429051888e+00
6.745331415314952039e+01 1.552495584584581145e+00
-7.472187547668031016e+01 3.902289520606758089e+01
-6.149169643591299916e+01 6.760901595174971135e+01
2.515843476298331893e+01 1.172785552161021450e+01
1.046658741758989208e+01 -3.430268051463747270e+01
7.201186239557513247e+00 -1.986299821898261486e+00
-5.134935970682850837e+01 1.295676175291966103e+00
-5.771987594330419569e+01 -1.565576486965039749e+01
7.796233832675835629e+01 9.745076615259019803e+00
