> 0 contour -Z0
180	-38.1480502486	0
179.234364212	-38	0
179	-37.9592537284	0
178	-37.8202501535	0
177	-37.715316534	0
176	-37.6384044886	0
175	-37.5829133391	0
174	-37.5422128439	0
173	-37.5100249052	0
172	-37.4806599319	0
171	-37.4491245449	0
170	-37.4111332595	0
169	-37.3630546629	0
168	-37.3018192947	0
167	-37.2248102576	0
166	-37.1297490448	0
165	-37.0145848757	0
164.893385589	-37	0
164	-36.8860054016	0
163	-36.736789465	0
162	-36.5643190145	0
161	-36.3668659627	0
160	-36.1425167918	0
159.428898931	-36	0
159	-35.8960002065	0
158	-35.6297335029	0
157	-35.3327173591	0
156	-35.0019727719	0
155.994276043	-35	0
155	-34.6538732648	0
154	-34.2686326504	0
153.352246225	-34	0
153	-33.848146975	0
152	-33.3951154947	0
151.19830054	-33	0
151	-32.8953399658	0
150	-32.3530353606	0
149.389471769	-32	0
149	-31.751142621	0
148	-31.0812532529	0
147.878818877	-31	0
147	-30.326580584	0
146.586863011	-30	0
146	-29.4588840008	0
145.505771607	-29	0
145	-28.4433671534	0
144.590602428	-28	0
144	-27.2357332259	0
143.810833201	-27	0
143.118517041	-26	0
143	-25.8085344434	0
142.46506232	-25	0
142	-24.2162806541	0
141.860901386	-24	0
141.230420649	-23	0
141	-22.6357930303	0
140.558768719	-22	0
140	-21.2217663676	0
139.826156229	-21	0
139	-20.0166548956	0
138.984993255	-20	0
138.002386928	-19	0
138	-18.9977719784	0
137	-18.0997711718	0
136.889438719	-18	0
136	-17.2566627562	0
135.708159775	-17	0
135	-16.4122188389	0
134.546276569	-16	0
134	-15.5201099515	0
133.473206103	-15	0
133	-14.53538692	0
132.520592898	-14	0
132	-13.4034298062	0
131.690350771	-13	0
131	-12.0443843715	0
130.971526541	-12	0
130.358512402	-11	0
130	-10.3420082927	0
129.830739811	-10	0
129.384975851	-9	0
129.009605527	-8	0
129	-7.97051388025	0
128.702381402	-7	0
128.4577232	-6	0
128.27294898	-5	0
128.14647907	-4	0
128.077704787	-3	0
128.06697005	-2	0
128.115605533	-1	0
128.226019084	0	0
128.401854873	1	0
128.648239374	2	0
128.972147409	3	0
129	3.07059574872	0
129.376778603	4	0
129.874253854	5	0
130	5.21786345541	0
130.472434759	6	0
131	6.75139570236	0
131.184730589	7	0
132	7.97325515747	0
132.023942947	8	0
133	8.99239885807	0
133.008060157	9	0
134	9.87011432648	0
134.160988986	10	0
135	10.6410937905	0
135.515211463	11	0
136	11.3245970309	0
137	11.9328030348	0
137.118647099	12	0
138	12.4851581752	0
139	12.9782704115	0
139.046839714	13	0
140	13.4323552847	0
141	13.841108501	0
141.417138994	14	0
142	14.2176622599	0
143	14.5631181598	0
144	14.8798928857	0
144.401545703	15	0
145	15.1753450483	0
146	15.4497479796	0
147	15.7048495412	0
148	15.943672955	0
148.246627867	16	0
149	16.1686984599	0
150	16.3796885908	0
151	16.5779368877	0
152	16.7646371722	0
153	16.940625906	0
153.356301248	17	0
154	17.1063292325	0
155	17.261744827	0
156	17.4073214829	0
157	17.5434398651	0
158	17.6704127192	0
159	17.7885307074	0
160	17.8981029987	0
161	17.9994927645	0
161.00547415	18	0
162	18.0945471227	0
163	18.1827125549	0
164	18.2647259831	0
165	18.3414497972	0
166	18.413867712	0
167	18.4830763042	0
168	18.5502653718	0
169	18.6166869402	0
170	18.6836161613	0
171	18.7523056865	0
172	18.8239406347	0
173	18.8995973468	0
174	18.9802141786	0
174.23096478	19	0
175	19.0720728934	0
176	19.1729144007	0
177	19.2816219628	0
178	19.3985144496	0
179	19.5238327384	0
180	19.6578035951	0
> 0 contour -Z0
180	59.9164196849	0
179	59.1133149862	0
178.85805124	59	0
178	58.2735268474	0
177.668862343	58	0
177	57.4000207782	0
176.52993995	57	0
176	56.5002426803	0
175.419744134	56	0
175	55.5931355953	0
174.295152396	55	0
174	54.7193576992	0
173.057293676	54	0
173	53.9510779493	0
172	53.329836309	0
171.105207883	53	0
171	52.9592021778	0
170	52.7895593643	0
169	52.8089576811	0
168	52.9611220658	0
167.851973772	53	0
167	53.190879643	0
166	53.4777824283	0
165	53.8028576523	0
164.450707316	54	0
164	54.1460856795	0
163	54.4976517558	0
162	54.8559772521	0
161.612086952	55	0
161	55.2137386799	0
160	55.5694075227	0
159	55.92167373	0
158.780923486	56	0
158	56.270848453	0
157	56.6153106689	0
156	56.9541857131	0
155.865423948	57	0
155	57.2928315997	0
154	57.6269799769	0
153	57.9565671496	0
152.868262917	58	0
152	58.2900606394	0
151	58.6211706102	0
150	58.9500713199	0
149.848363861	59	0
149	59.2874307036	0
148	59.6254631579	0
147	59.9640671089	0
146.894334346	60	0
146	60.3168869019	0
145	60.672662735	0
144.087690353	61	0
144	61.0332095027	0
143	61.4136461616	0
142	61.7975055426	0
141.477547884	62	0
141	62.1976326108	0
140	62.6139838696	0
139.082380593	63	0
139	63.0375872254	0
138	63.4950987697	0
137	63.9559840746	0
136.904868677	64	0
136	64.4609971046	0
135	64.9719416965	0
134.945133451	65	0
134	65.5438914001	0
133.205879152	66	0
133	66.1371871233	0
132	66.7986952513	0
131.693785012	67	0
131	67.5465976894	0
130.417100668	68	0
130	68.4083067775	0
129.383880377	69	0
129	69.4979267716	0
128.602703542	70	0
128.084898591	71	0
128	71.3692646623	0
127.848546699	72	0
127.92345798	73	0
128	73.1871876121	0
128.360629201	74	0
129	74.7465080619	0
129.240397274	75	0
130	75.5501542091	0
130.702032894	76	0
131	76.1489046514	0
132	76.6044843793	0
132.988542731	77	0
133	77.0038986267	0
134	77.3214105666	0
135	77.6050899029	0
136	77.8590524197	0
136.610331267	78	0
137	78.0821733028	0
138	78.2766810358	0
139	78.4525774121	0
140	78.6116489768	0
141	78.7554440498	0
142	78.8853088617	0
142.978906976	79	0
143	79.0023929132	0
144	79.1069221199	0
145	79.201068908	0
146	79.2855299413	0
147	79.3609167933	0
148	79.4277660549	0
149	79.4865472317	0
150	79.5376698375	0
151	79.5814892054	0
152	79.6183113456	0
153	79.6483972669	0
154	79.6719663143	0
155	79.6891990304	0
156	79.7002397776	0
157	79.7051983476	0
158	79.7041518688	0
159	79.6971454024	0
160	79.6841936111	0
161	79.6652804613	0
162	79.6403598189	0
163	79.6093554497	0
164	79.5721604824	0
165	79.5286370516	0
166	79.4786152244	0
167	79.4218918681	0
168	79.3582293391	0
169	79.2873536348	0
170	79.2089524418	0
171	79.1226726025	0
172	79.0281176399	0
172.275796145	79	0
173	78.9254749417	0
174	78.8137897849	0
175	78.6922109127	0
176	78.5600758791	0
177	78.4166506231	0
178	78.2611226439	0
179	78.0925936475	0
179.514267564	78	0
180	77.9080224633	0
> 0 contour -Z0
-180	77.908022441	0
-179	77.7053858638	0
-178	77.4852368236	0
-177	77.2460239232	0
-176.051957071	77	0
-176	76.9851885438	0
-175	76.6845850348	0
-174	76.3556292653	0
-173.012263834	76	0
-173	75.9948800802	0
-172	75.5544363856	0
-171	75.0665283278	0
-170.871063158	75	0
-170	74.4340596497	0
-169.388210058	74	0
-169	73.6116585135	0
-168.430038989	73	0
-168	72.1708061546	0
-167.915947743	72	0
-167.788839966	71	0
-168	70.0657957792	0
-168.013866246	70	0
-168.549023807	69	0
-169	68.4623436928	0
-169.364005089	68	0
-170	67.4069713354	0
-170.410084546	67	0
-171	66.5336214006	0
-171.634341359	66	0
-172	65.7405613065	0
-172.981008105	65	0
-173	64.9873575196	0
-174	64.2877113819	0
-174.388128638	64	0
-175	63.5847029984	0
-175.815043941	63	0
-176	62.8743119985	0
-177	62.1645876169	0
-177.223127484	62	0
-178	61.439804256	0
-178.588495761	61	0
-179	60.6903452873	0
-179.895353429	60	0
-180	59.9164196551	0
> 0 contour -Z0
-180	19.6578035653	0
-179	19.8007052541	0
-178	19.9529266357	0
-177.707501471	20	0
-177	20.1280206591	0
-176	20.3192403913	0
-175	20.5216799378	0
-174	20.7360543013	0
-173	20.9631958008	0
-172.845622361	21	0
-172	21.2263257504	0
-171	21.5056393147	0
-170	21.7967658639	0
-169.326579034	22	0
-169	22.1090491116	0
-168	22.4483145475	0
-167	22.7902449369	0
-166.386464834	23	0
-166	23.1422222108	0
-165	23.5015577674	0
-164	23.8461945653	0
-163.529266179	24	0
-163	24.1814675033	0
-162	24.4971262515	0
-161	24.7795357704	0
-160.099111982	25	0
-160	25.0252729822	0
-159	25.2358646542	0
-158	25.3955977559	0
-157	25.4979678392	0
-156	25.5346471667	0
-155	25.4948580563	0
-154	25.3643729985	0
-153	25.123904258	0
-152.659202576	25	0
-152	24.7685554028	0
-151	24.27588135	0
-150.577027172	24	0
-150	23.6425182819	0
-149.179782867	23	0
-149	22.8677748442	0
-148.019873381	22	0
-148	21.9836320877	0
-147	21.0285363141	0
-146.973803025	21	0
-146	20.0282756761	0
-145.974541811	20	0
-145	19.0092324056	0
-144.99167494	19	0
-144.009557664	18	0
-144	17.9909672141	0
-143.018560886	17	0
-143	16.9824762344	0
-142.014227092	16	0
-142	15.9866172671	0
-141	15.0034673628	0
-140.996597169	15	0
-140	14.0312218424	0
-139.968749646	14	0
-139	13.0647601858	0
-138.934228398	13	0
-138	12.0993669108	0
-137.898183219	12	0
-137	11.1303734928	0
-136.865965515	11	0
-136	10.1535473019	0
-135.842332378	10	0
-135	9.16550217569	0
-134.83074674	9	0
-134	8.16424043477	0
-133.832794562	8	0
-133	7.14990743995	0
-132.847669065	7	0
-132	6.12578724325	0
-131.871580914	6	0
-131	5.09947106242	0
-130.896824837	5	0
-130	4.08397658914	0
-129.910009697	4	0
-129	3.09841570258	0
-128.888461389	3	0
-128	2.16770514846	0
-127.792539909	2	0
-127	1.32096028328	0
-126.547967166	1	0
-126	0.588723599911	0
-125.000110626	0	0
-125	-6.8724155426e-05	0
-124	-0.413058280945	0
-123	-0.613027989864	0
-122	-0.545868694782	0
-121	-0.132697224617	0
-120.831862211	0	0
-120	0.735066711903	0
-119.798511267	1	0
-119.091912083	2	0
-119	2.13511219621	0
-118.521422803	3	0
-118	3.94367671013	0
-117.972247779	4	0
-117.447316259	5	0
-117	5.79254823923	0
-116.885133266	6	0
-116.272735864	7	0
-116	7.40144482255	0
-115.561866939	8	0
-115	8.67908543348	0
-114.68885541	9	0
-114	9.62979865074	0
-113.466689974	10	0
-113	10.2911268473	0
-112	10.7016277909	0
-111	10.9023658037	0
-110	10.9283133745	0
-109	10.8111225367	0
-108	10.5776180625	0
-107	10.2496105283	0
-106.395946443	10	0
-106	9.84431266785	0
-105	9.37740758061	0
-104.277003527	9	0
-104	8.8590618372	0
-103	8.2967325747	0
-102.506673932	8	0
-102	7.69582366943	0
-101	7.06366553903	0
-100.903426588	7	0
-100	6.3912730515	0
-99.4336782098	6	0
-99	5.68792569637	0
-98.0612267256	5	0
-98	4.95239883661	0
-97	4.16680823267	0
-96.7871196419	4	0
-96	3.33012548089	0
-95.6084282994	3	0
-95	2.43343406916	0
-94.5263950229	2	0
-94	1.46000191569	0
-93.539588064	1	0
-93	0.388845980167	0
-92.6438339055	0	0
-92	-0.801539629698	0
-91.8326608241	-1	0
-91.0892808437	-2	0
-91	-2.13371950388	0
-90.3854077458	-3	0
-90	-3.59497630596	0
-89.7170801163	-4	0
-89.057358861	-5	0
-89	-5.08819329739	0
-88.3511906266	-6	0
-88	-6.48623389006	0
-87.5880652368	-7	0
-87	-7.7023344636	0
-86.7196058333	-8	0
-86	-8.71921288967	0
-85.6805179119	-9	0
-85	-9.56017366052	0
-84.3886145949	-10	0
-84	-10.2631408572	0
-83	-10.8494032323	0
-82.6950592697	-11	0
-82	-11.3297613859	0
-81	-11.7263949811	0
-80.1446998715	-12	0
-80	-12.0457808375	0
-79	-12.2632044554	0
-78	-12.3852954507	0
-77	-12.3816205263	0
-76	-12.1945499182	0
-75.5464352965	-12	0
-75	-11.6409109533	0
-74.4563491046	-11	0
-74.0553927273	-10	0
-74	-9.58516022563	0
-73.939776063	-9	0
-73.9782441258	-8	0
-74	-7.85451376438	0
-74.1230370104	-7	0
-74.3374014199	-6	0
-74.5951448083	-5	0
-74.8776583672	-4	0
-75	-3.59332901239	0
-75.1764983833	-3	0
-75.4705045223	-2	0
-75.7406269312	-1	0
-75.9752710462	0	0
-76	0.128094732761	0
-76.1666434854	1	0
-76.2974985242	2	0
-76.3597779274	3	0
-76.3472185433	4	0
-76.2545906901	5	0
-76.0776560828	6	0
-76	6.29257085919	0
-75.8043869734	7	0
-75.4276477396	8	0
-75	8.88881224394	0
-74.940895617	9	0
-74.2912628651	10	0
-74	10.3784914017	0
-73.4388636649	11	0
-73	11.4225722551	0
-72.2597227991	12	0
-72	12.182075128	0
-71	12.7281988859	0
-70.3159182966	13	0
-70	13.1177422181	0
-69	13.3742875159	0
-68	13.5245212913	0
-67	13.5819473267	0
-66	13.5561567545	0
-65	13.4528877139	0
-64	13.2740214169	0
-63	13.0174501818	0
-62.947015617	13	0
-62	12.6837843657	0
-61	12.2638331354	0
-60.4808247685	12	0
-60	11.7490283847	0
-59	11.1313881278	0
-58.8151174486	11	0
-58	10.3969139159	0
-57.5291523337	10	0
-57	9.52842879295	0
-56.466904819	9	0
-56	8.50205433369	0
-55.5676353574	8	0
-55	7.2761554718	0
-54.7971066833	7	0
-54.1394078732	6	0
-54	5.75789469481	0
-53.5817433596	5	0
-53.1171106696	4	0
-53	3.69415915012	0
-52.7398082614	3	0
-52.4467698336	2	0
-52.2327071428	1	0
-52.0916019678	0	0
-52.0169397593	-1	0
-52.0017391443	-2	0
-52.0385936499	-3	0
-52.1197231412	-4	0
-52.2370346189	-5	0
-52.382186234	-6	0
-52.5466515422	-7	0
-52.7217747271	-8	0
-52.8988072276	-9	0
-53	-9.60476756096	0
-53.0717481971	-10	0
-53.2329220772	-11	0
-53.3686949611	-12	0
-53.4687025547	-13	0
-53.5214203	-14	0
-53.5131756663	-15	0
-53.4263344407	-16	0
-53.2358402014	-17	0
-53	-17.7365716994	0
-52.9095297381	-18	0
-52.4120690823	-19	0
-52	-19.5712873042	0
-51.6506545842	-20	0
-51	-20.6125177741	0
-50.5203831792	-21	0
-50	-21.3508073092	0
-49	-21.9250000939	0
-48.8552394211	-22	0
-48	-22.4031767845	0
-47	-22.8101928681	0
-46.480532527	-23	0
-46	-23.1699751616	0
-45	-23.49253124	0
-44	-23.7775702029	0
-43.1149165034	-24	0
-43	-24.0299060941	0
-42	-24.258495748	0
-41	-24.4482619166	0
-40	-24.5934641659	0
-39	-24.6841808259	0
-38	-24.7047126591	0
-37	-24.6308089793	0
-36	-24.4248834252	0
-35	-24.027551651	0
-34.9542886019	-24	0
-34	-23.3760452867	0
-33.613710165	-23	0
-33	-22.3116865158	0
-32.7920786738	-22	0
-32.2293620259	-21	0
-32	-20.4856113195	0
-31.8222829103	-20	0
-31.537260294	-19	0
-31.3398624063	-18	0
-31.2195638716	-17	0
-31.1669885665	-16	0
-31.1737279147	-15	0
-31.2321714163	-14	0
-31.335344255	-13	0
-31.4767512381	-12	0
-31.6502265334	-11	0
-31.8497908115	-10	0
-32	-9.32226589322	0
-32.0717488378	-9	0
-32.3121935427	-8	0
-32.5594581366	-7	0
-32.8070117235	-6	0
-33	-5.20168091357	0
-33.0501599349	-5	0
-33.2868760228	-4	0
-33.5010974407	-3	0
-33.6855074167	-2	0
-33.8328463435	-1	0
-33.9360567927	0	0
-33.9884470105	1	0
-33.9838567972	2	0
-33.9168087244	3	0
-33.7826247215	4	0
-33.5774902701	5	0
-33.2984505296	6	0
-33	6.84226042032	0
-32.9453203678	7	0
-32.5292913914	8	0
-32.0411940552	9	0
-32	9.07489227504	0
-31.4961033165	10	0
-31	10.8224406838	0
-30.8928148746	11	0
-30.2459907979	12	0
-30	12.3604421616	0
-29.5632047057	13	0
-29	13.8014967442	0
-28.8600594997	14	0
-28.1526646465	15	0
-28	15.2179042846	0
-27.4554256201	16	0
-27	16.6786437035	0
-26.7860412002	17	0
-26.1578625441	18	0
-26	18.2687459886	0
-25.5780647993	19	0
-25.0556084774	20	0
-25	20.1166299507	0
-24.5884940028	21	0
-24.1784533858	22	0
-24	22.4916566014	0
-23.8195683956	23	0
-23.509673655	24	0
-23.2427403331	25	0
-23.0134231402	26	0
-23	26.0688558072	0
-22.8207739592	27	0
-22.6605718732	28	0
-22.5302223563	29	0
-22.4284725785	30	0
-22.3552124798	31	0
-22.3114717305	32	0
-22.299464941	33	0
-22.3226832747	34	0
-22.3860242665	35	0
-22.4959524274	36	0
-22.6606670022	37	0
-22.8902409673	38	0
-23	38.379353404	0
-23.2075317502	39	0
-23.6255376935	40	0
-24	40.7313992381	0
-24.1636045724	41	0
-24.8567897081	42	0
-25	42.1884528995	0
-25.7423220277	43	0
-26	43.2697806954	0
-26.8428400755	44	0
-27	44.1389191747	0
-28	44.8821901605	0
-28.1907714307	45	0
-29	45.5603853762	0
-29.7332749367	46	0
-30	46.1925959587	0
-31	46.8522385806	0
-31.2393874228	47	0
-32	47.6629873514	0
-32.3688785434	48	0
-32.9980324507	49	0
-33	49.0059702396	0
-33.29558599	50	0
-33.3861593604	51	0
-33.3656505942	52	0
-33.2855120897	53	0
-33.1759286374	54	0
-33.0560778342	55	0
-33	55.4732244015	0
-32.9385424256	56	0
-32.8331146836	57	0
-32.7484273911	58	0
-32.6914094687	59	0
-32.6681955457	60	0
-32.6843608022	61	0
-32.7449461818	62	0
-32.8542646766	63	0
-33	63.9104271755	0
-33.0154079115	64	0
-33.2295849025	65	0
-33.4953943789	66	0
-33.8050829172	67	0
-34	67.6092819273	0
-34.1428512186	68	0
-34.4775213301	69	0
-34.7491703629	70	0
-34.8587748408	71	0
-34.6423524022	72	0
-34	72.8224454522	0
-33.8348176479	73	0
-33	73.5131092668	0
-32.0377441533	74	0
-32	74.0135285398	0
-31	74.349475801	0
-30	74.6435114741	0
-29	74.9017386436	0
-28.5825225115	75	0
-28	75.1142738163	0
-27	75.2955370545	0
-26	75.4596096277	0
-25	75.6078881621	0
-24	75.7416238189	0
-23	75.8619337678	0
-22	75.9698112607	0
-21.6936841011	76	0
-21	76.0629243851	0
-20	76.1450986862	0
-19	76.2183526605	0
-18	76.2830355763	0
-17	76.339461863	0
-16	76.3879112601	0
-15	76.4286290109	0
-14	76.4618264735	0
-13	76.4876815081	0
-12	76.5063393116	0
-11	76.5179130435	0
-10	76.5224842429	0
-9	76.5201032758	0
-8	76.5107898116	0
-7	76.4945328832	0
-6	76.4712907076	0
-5	76.4409905672	0
-4	76.4035284817	0
-3	76.3587679863	0
-2	76.3065394163	0
-1	76.2466382533	0
0	76.178823337	0
1	76.1028145626	0
2	76.0182900354	0
2.19611927867	76	0
3	75.9254027009	0
4	75.823603332	0
5	75.7123589516	0
6	75.5911928415	0
7	75.459572494	0
8	75.3169033825	0
9	75.1625210345	0
9.97435104847	75	0
10	74.995678246	0
11	74.8156627417	0
12	74.6220402122	0
13	74.413920939	0
14	74.1903089583	0
14.7944548726	74	0
15	73.9495700002	0
16	73.6895826459	0
17	73.4116261005	0
18	73.1144340932	0
18.3636401296	73	0
19	72.7928478122	0
20	72.4486536682	0
21	72.0830467865	0
21.2162594497	72	0
22	71.6867512465	0
23	71.2672103941	0
23.6078726053	71	0
24	70.819689095	0
25	70.3435562253	0
25.6956997514	70	0
26	69.8428207636	0
27	69.3140323758	0
27.5800594091	69	0
28	68.763548553	0
29	68.1945013255	0
29.3372614682	68	0
30	67.6065695286	0
31	67.0162519999	0
31.0272467826	67	0
32	66.4100705981	0
32.6865749955	66	0
33	65.8100023866	0
34	65.2114832103	0
34.3562365174	65	0
35	64.615238905	0
36	64.0311904363	0
36.0530656725	64	0
37	63.4400675893	0
37.7577708364	63	0
38	62.8570349813	0
39	62.2647652328	0
39.4458472133	62	0
40	61.6602327824	0
41	61.0442719795	0
41.0702129751	61	0
42	60.3779517412	0
42.5551897287	60	0
43	59.6667128205	0
43.8649638295	59	0
44	58.8792735338	0
44.9464720488	58	0
45	57.9374409914	0
45.7661740184	57	0
46	56.5828956962	0
46.3110330403	56	0
46.5686947703	55	0
46.5419623256	54	0
46.2421502024	53	0
46	52.5657139719	0
45.677908957	52	0
45	51.1598225832	0
44.8651763797	51	0
44	50.194545269	0
43.7749654055	50	0
43	49.4388700724	0
42.3219149709	49	0
42	48.8175829947	0
41	48.3439791799	0
40.0573447049	48	0
40	47.9811009634	0
39	47.7717841864	0
38	47.6924839318	0
37	47.7533965111	0
36	47.9577307776	0
35.8776739687	48	0
35	48.3255625367	0
34	48.8238405138	0
33.7128059864	49	0
33	49.455275178	0
32.2378162146	50	0
32	50.1745432615	0
31	50.9525523819	0
30.9414138645	51	0
30	51.7598471791	0
29.6971319616	52	0
29	52.5476710498	0
28.3898809552	53	0
28	53.2863048315	0
27	53.9564652927	0
26.9301249608	54	0
26	54.5749140978	0
25.1949392557	55	0
25	55.103500545	0
24	55.5772880614	0
23	55.9658315927	0
22.899903588	56	0
22	56.3153499961	0
21	56.5996268392	0
20	56.8261858672	0
19.0200974345	57	0
19	57.0037699938	0
18	57.1526807547	0
17	57.2571756244	0
16	57.3213557005	0
15	57.3479245305	0
14	57.3384550214	0
13	57.2935548425	0
12	57.2129595876	0
11	57.0955682397	0
10.3861665726	57	0
10	56.9443113096	0
9	56.7621175796	0
8	56.5374642611	0
7	56.2656171918	0
6.17754369974	56	0
6	55.9435724355	0
5	55.5765470266	0
4	55.1413865685	0
3.71354776621	55	0
3	54.6335763037	0
2	54.0332683921	0
1.94993013144	54	0
1	53.3065150976	0
0.629388093948	53	0
0	52.3965435624	0
-0.373511970043	52	0
-1	51.171426177	0
-1.1199297905	51	0
-1.65184494853	50	0
-1.98993258644	49	0
-2	48.9433432631	0
-2.16266006231	48	0
-2.17838233709	47	0
-2.05129730701	46	0
-2	45.8072782159	0
-1.80314272642	45	0
-1.44567680359	44	0
-1	43.0265653115	0
-0.988680443726	43	0
-0.465527832508	42	0
0	41.2187546194	0
0.123211964965	41	0
0.751034677029	40	0
1	39.6311147213	0
1.40930095315	39	0
2	38.1281228215	0
2.08470702916	38	0
2.76432847977	37	0
3	36.6530627608	0
3.44138535857	36	0
4	35.1556145996	0
4.10419543087	35	0
4.74851006269	34	0
5	33.5839865208	0
5.36559796333	33	0
5.94247961044	32	0
6	31.8879570961	0
6.48432224989	31	0
6.96448022127	30	0
7	29.9104762077	0
7.39494416118	29	0
7.74687486887	28	0
8	27.0400559045	0
8.01192554832	27	0
8.19048263133	26	0
8.25285491347	25	0
8.17897240818	24	0
8	23.2374431491	0
7.94076752663	23	0
7.50775456429	22	0
7	21.2665272951	0
6.79493159056	21	0
6	20.2326965928	0
5.72835463285	20	0
5	19.4853162169	0
4.22315347195	19	0
4	18.8764871433	0
3	18.3342093825	0
2.35440135002	18	0
2	17.8257013857	0
1	17.3202635646	0
0.378009319305	17	0
0	16.8046899438	0
-1	16.255964756	0
-1.43865042925	16	0
-2	15.6545963883	0
-2.99579890119	15	0
-3	14.9969590029	0
-4	14.1993484497	0
-4.23031669855	14	0
-5	13.2235968709	0
-5.20290368795	13	0
-5.93300759792	12	0
-6	11.8754212111	0
-6.42755919695	11	0
-6.73169252276	10	0
-6.84475027025	9	0
-6.75329743326	8	0
-6.43619632721	7	0
-6	6.22923269868	0
-5.82775054872	6	0
-5	5.24677215517	0
-4.57397514582	5	0
-4	4.74385339022	0
-3	4.5241227746	0
-2	4.49879595637	0
-1	4.6281940937	0
0	4.87891513109	0
0.34207034111	5	0
1	5.25022023916	0
2	5.70738720894	0
2.57072341442	6	0
3	6.24007584155	0
4	6.83427172899	0
4.27040410042	7	0
5	7.4933206737	0
5.76587760448	8	0
6	8.17376132309	0
7	8.88152647018	0
7.17939388752	9	0
8	9.60993754864	0
8.59344294667	10	0
9	10.3037806451	0
10	10.9369770885	0
10.1185624599	11	0
11	11.5286163092	0
12	11.9797971845	0
12.0590895414	12	0
13	12.3587917387	0
14	12.6035275459	0
15	12.7361323237	0
16	12.7759004831	0
17	12.7385837436	0
18	12.6383606791	0
19	12.4889068604	0
20	12.3038468063	0
21	12.0967463255	0
21.4420830607	12	0
22	11.8896840811	0
23	11.6916010976	0
24	11.5049347281	0
25	11.3378071785	0
26	11.1959751546	0
27	11.082662195	0
27.9832389951	11	0
28	10.9986688495	0
29	10.9443877339	0
30	10.9132191539	0
31	10.9006907344	0
32	10.9011300802	0
33	10.9078942537	0
34	10.9134851694	0
35	10.9095178843	0
36	10.8865086436	0
37	10.8334290981	0
38	10.736933589	0
39	10.5800825953	0
40	10.3402289152	0
40.9623713493	10	0
41	9.9844019413	0
42	9.42255756259	0
42.5370389223	9	0
43	8.51358234882	0
43.3781346381	8	0
43.8655904531	7	0
44	6.54062747955	0
44.1342235059	6	0
44.2531180978	5	0
44.2629773915	4	0
44.186055705	3	0
44.0375514477	2	0
44	1.82730552554	0
43.8266193271	1	0
43.5651791692	0	0
43.2613953948	-1	0
43	-1.76513594389	0
42.9213604331	-2	0
42.5531478524	-3	0
42.167444706	-4	0
42	-4.42027810216	0
41.7709754109	-5	0
41.3764135242	-6	0
41	-6.98576825857	0
40.9945585728	-7	0
40.6354562044	-8	0
40.3147825897	-9	0
40.044494763	-10	0
40	-10.2178637087	0
39.8381896019	-11	0
39.7124479413	-12	0
39.683616817	-13	0
39.7705780268	-14	0
39.9958326817	-15	0
40	-15.0111391544	0
40.3951649964	-16	0
41	-16.9970934486	0
41.0019431255	-17	0
41.9008068442	-18	0
42	-18.0864000916	0
43	-18.8508970141	0
43.2292018384	-19	0
44	-19.4198746085	0
45	-19.8673589826	0
45.3650486767	-20	0
46	-20.2034621239	0
47	-20.454213798	0
48	-20.6381429434	0
49	-20.760953337	0
50	-20.8275452554	0
51	-20.8421601504	0
52	-20.808525905	0
53	-20.7300131023	0
54	-20.6098151803	0
55	-20.4511700273	0
56	-20.2576472163	0
57	-20.0335378647	0
57.141949892	-20	0
58	-19.7648731768	0
59	-19.4706568718	0
60	-19.1631048322	0
60.5569076538	-19	0
61	-18.8364574164	0
62	-18.5038799942	0
63	-18.2201023102	0
64	-18.0468609333	0
65	-18.1003130674	0
66	-18.6160452068	0
66.3188863993	-19	0
67	-19.7218751907	0
67.1707773209	-20	0
67.921100378	-21	0
68	-21.0872725248	0
68.6687188745	-22	0
69	-22.3765223622	0
69.4828309715	-23	0
70	-23.5547707081	0
70.3880595863	-24	0
71	-24.588950187	0
71.4192551076	-25	0
72	-25.4859226942	0
72.6289417148	-26	0
73	-26.264433682	0
74	-26.9363691434	0
74.1023002043	-27	0
75	-27.4979554415	0
76	-27.9901664201	0
76.0226488169	-28	0
77	-28.3901161551	0
78	-28.7283267379	0
78.9741252065	-29	0
79	-29.0068637729	0
80	-29.2200506926	0
81	-29.3813385963	0
82	-29.49292624	0
83	-29.5565803349	0
84	-29.573439002	0
85	-29.5438091159	0
86	-29.4669199586	0
87	-29.3405821919	0
88	-29.1606695652	0
88.6869209707	-29	0
89	-28.9181150422	0
90	-28.5982390046	0
91	-28.187656939	0
91.3862529397	-28	0
92	-27.6432081461	0
92.8996158093	-27	0
93	-26.9107489437	0
93.889560245	-26	0
94	-25.8535161316	0
94.5893909335	-25	0
95	-24.197724402	0
95.0972027183	-24	0
95.5041701794	-23	0
95.8272149265	-22	0
96	-21.3825281262	0
96.1113789678	-21	0
96.3834909201	-20	0
96.6451784074	-19	0
96.9129520878	-18	0
97	-17.6987745762	0
97.228443861	-17	0
97.5951186121	-16	0
98	-15.0421199799	0
98.0215823054	-15	0
98.6131998003	-14	0
99	-13.4407690763	0
99.4067274928	-13	0
100	-12.4400244355	0
100.717715681	-12	0
101	-11.8449851573	0
102	-11.5736182034	0
103	-11.5662683547	0
104	-11.7974486351	0
104.451010376	-12	0
105	-12.257199049	0
106	-12.9263648167	0
106.087235965	-13	0
107	-13.8177351058	0
107.17454432	-14	0
108	-14.9308038279	0
108.055601913	-15	0
108.783591866	-16	0
109	-16.3355525136	0
109.407092273	-17	0
109.937860608	-18	0
110	-18.1432591081	0
110.36958164	-19	0
110.707686245	-20	0
110.943629444	-21	0
111	-21.4837040305	0
111.063523456	-22	0
111.049149577	-23	0
111	-23.2974367142	0
110.877621293	-24	0
110.523698688	-25	0
110	-25.9280201197	0
109.956989408	-26	0
109.171640843	-27	0
109	-27.1773064882	0
108.179689974	-28	0
108	-28.1588476449	0
107.042469565	-29	0
107	-29.0351298228	0
106	-29.8795102239	0
105.860578358	-30	0
105	-30.7637300491	0
104.748952746	-31	0
104	-31.7667073607	0
103.791047871	-32	0
103.016102262	-33	0
103	-33.0239153039	0
102.411580682	-34	0
102	-34.8682347536	0
101.944064498	-35	0
101.58713001	-36	0
101.308773965	-37	0
101.088184312	-38	0
101	-38.4855020642	0
100.913728356	-39	0
100.774211466	-40	0
100.658011615	-41	0
100.557840943	-42	0
100.467282772	-43	0
100.380139023	-44	0
100.289849013	-45	0
100.188899189	-46	0
100.068157196	-47	0
100	-47.4605654776	0
99.9189919829	-48	0
99.727283597	-49	0
99.4712240398	-50	0
99.1248981208	-51	0
99	-51.2826778591	0
98.6601835489	-52	0
98.0275341757	-53	0
98	-53.0353269652	0
97.1641506404	-54	0
97	-54.153440401	0
96	-54.9753928781	0
95.9659728408	-55	0
95	-55.602468729	0
94.240473032	-56	0
94	-56.1120305061	0
93	-56.521389544	0
92	-56.8608654141	0
91.5145664215	-57	0
91	-57.1380898654	0
90	-57.3636619449	0
89	-57.5455541015	0
88	-57.6882006526	0
87	-57.7953410745	0
86	-57.8701224923	0
85	-57.91519171	0
84	-57.9327759147	0
83	-57.924754262	0
82	-57.8927214146	0
81	-57.8380441666	0
80	-57.7619114518	0
79	-57.6653815508	0
78	-57.5494238734	0
77	-57.4149589539	0
76	-57.2628954053	0
75	-57.0941646174	0
74.4868272543	-57	0
74	-56.9140222669	0
73	-56.7253329158	0
72	-56.5252361894	0
71	-56.3151540458	0
70	-56.0966373906	0
69.5674336255	-56	0
69	-55.8785932064	0
68	-55.6625916958	0
67	-55.445435077	0
66	-55.2290565521	0
65	-55.0153957633	0
64.9253630638	-55	0
64	-54.8189983368	0
63	-54.6310853958	0
62	-54.4521874785	0
61	-54.2835865617	0
60	-54.1263366789	0
59.1279043555	-54	0
59	-53.9825977683	0
58	-53.8602599502	0
57	-53.7506561875	0
56	-53.6536002755	0
55	-53.5686713457	0
54	-53.4952339232	0
53	-53.4324620068	0
52	-53.3793650568	0
51	-53.3348147869	0
50	-53.2975711524	0
49	-53.2663069069	0
48	-53.2396297902	0
47	-53.2161014974	0
46	-53.1942540854	0
45	-53.1726030707	0
44	-53.1496584117	0
43	-53.123933427	0
42	-53.0939534828	0
41	-53.0582655333	0
40	-53.0154508213	0
39.6891868711	-53	0
39	-52.9680159688	0
38	-52.9137716293	0
37	-52.8501577973	0
36	-52.7764379382	0
35	-52.6921464801	0
34	-52.5971943736	0
33	-52.4920065701	0
32	-52.3776886165	0
31	-52.2562164962	0
30	-52.1306288987	0
29	-52.005183008	0
28.954556834	-52	0
28	-51.9007222056	0
27	-51.8084369898	0
26	-51.7338364124	0
25	-51.6831018329	0
24	-51.6616798639	0
23	-51.6734670401	0
22	-51.7200891376	0
21	-51.8004714251	0
20	-51.9108421803	0
19.3415871263	-52	0
19	-52.0525294542	0
18	-52.2270708084	0
17	-52.4099800885	0
16	-52.5921778679	0
15	-52.7659157515	0
14	-52.925111413	0
13.4800575972	-53	0
13	-53.0747072473	0
12	-53.2092299312	0
11	-53.3160953224	0
10	-53.394744724	0
9	-53.4452289045	0
8	-53.4679248631	0
7	-53.4633258581	0
6	-53.4318924546	0
5	-53.3739501238	0
4	-53.2896207273	0
3	-53.1787763983	0
2	-53.0410071425	0
1.75592628121	-53	0
1	-52.888504982	0
0	-52.7144652605	0
-1	-52.5134437084	0
-2	-52.2839591205	0
-3	-52.0241992027	0
-3.08310417831	-52	0
-4	-51.7569509149	0
-5	-51.4604243636	0
-6	-51.1298756003	0
-6.35756781697	-51	0
-7	-50.782094121	0
-8	-50.4086798728	0
-8.99033397436	-50	0
-9	-49.9961979389	0
-10	-49.573803246	0
-11	-49.1093620434	0
-11.2212138623	-49	0
-12	-48.6245334744	0
-13	-48.1021135002	0
-13.1862483025	-48	0
-14	-47.5570881963	0
-14.9547781944	-47	0
-15	-46.9734309912	0
-16	-46.3692002296	0
-16.5841008425	-46	0
-17	-45.7313355207	0
-18	-45.0671236813	0
-18.1011896953	-45	0
-19	-44.3830150366	0
-19.5551530123	-44	0
-20	-43.6789591908	0
-20.9529118538	-43	0
-21	-42.9645489454	0
-22	-42.2485998124	0
-22.3658930659	-42	0
-23	-41.5411018729	0
-23.8042002916	-41	0
-24	-40.8583247066	0
-25	-40.2133587897	0
-25.3808496296	-40	0
-26	-39.6234363317	0
-27	-39.1138753742	0
-27.2909776568	-39	0
-28	-38.6943237185	0
-29	-38.3938065469	0
-30	-38.2319023162	0
-31	-38.2199036628	0
-32	-38.3648450971	0
-33	-38.6681249142	0
-33.7358697355	-39	0
-34	-39.1158188805	0
-35	-39.6673383117	0
-35.5158854425	-40	0
-36	-40.3047492504	0
-37	-40.9923850298	0
-37.0107421279	-41	0
-38	-41.6906280518	0
-38.4457938075	-42	0
-39	-42.3848886788	0
-39.9283535853	-43	0
-40	-43.0483070612	0
-41	-43.6608822346	0
-41.6331691146	-44	0
-42	-44.2042393833	0
-43	-44.6596723199	0
-43.9944381216	-45	0
-44	-45.0020375627	0
-45	-45.2168341726	0
-46	-45.2646951675	0
-47	-45.1060438454	0
-47.2664906979	-45	0
-48	-44.7007672787	0
-48.9742169976	-44	0
-49	-43.9809003472	0
-49.9228597283	-43	0
-50	-42.9155439138	0
-50.6469779611	-42	0
-51	-41.4881532788	0
-51.2786030769	-41	0
-51.8467488885	-40	0
-52	-39.730044663	0
-52.3654564619	-39	0
-52.8678020239	-38	0
-53	-37.7373058796	0
-53.3445049524	-37	0
-53.8176391721	-36	0
-54	-35.6153835654	0
-54.2839137614	-35	0
-54.7530443072	-34	0
-55	-33.4790033996	0
-55.2314750701	-33	0
-55.7245404124	-32	0
-56	-31.4554356635	0
-56.2469412982	-31	0
-56.8117855191	-30	0
-57	-29.6775131822	0
-57.449334681	-29	0
-58	-28.2357172519	0
-58.2025839388	-28	0
-59	-27.1383469403	0
-59.1621310562	-27	0
-60	-26.3246471584	0
-60.5524904728	-26	0
-61	-25.745667398	0
-62	-25.3431456983	0
-63	-25.0999554917	0
-63.9506288171	-25	0
-64	-24.9945186377	0
-64.1626333594	-25	0
-65	-25.0247609895	0
-66	-25.1979462504	0
-67	-25.5348516107	0
-67.8745784461	-26	0
-68	-26.0594041683	0
-69	-26.7219843864	0
-69.3183554411	-27	0
-70	-27.5294325352	0
-70.4867492318	-28	0
-71	-28.444011718	0
-71.5404003561	-29	0
-72	-29.426838249	0
-72.5383463502	-30	0
-73	-30.4484270513	0
-73.5107229948	-31	0
-74	-31.4879146218	0
-74.4740880132	-32	0
-75	-32.5313162804	0
-75.4381508827	-33	0
-76	-33.5696663857	0
-76.4089978933	-34	0
-77	-34.5974068642	0
-77.3907704353	-35	0
-78	-35.6111132503	0
-78.3866339922	-36	0
-79	-36.6085247993	0
-79.3994332552	-37	0
-80	-37.5878030062	0
-80.4322458506	-38	0
-81	-38.546946466	0
-81.4889728427	-39	0
-82	-39.4833068848	0
-82.5750806928	-40	0
-83	-40.3931853771	0
-83.6986217499	-41	0
-84	-41.2715257108	0
-84.8717051893	-42	0
-85	-42.1117685735	0
-86	-42.9129225612	0
-86.1190948486	-43	0
-87	-43.6720983386	0
-87.479149878	-44	0
-88	-44.3719037175	0
-88.9949449855	-45	0
-89	-45.0033213184	0
-90	-45.5872750878	0
-90.8208260536	-46	0
-91	-46.0931618065	0
-92	-46.5428548455	0
-93	-46.9202147126	0
-93.2512916923	-47	0
-94	-47.2433606535	0
-95	-47.5076696277	0
-96	-47.7168632746	0
-97	-47.8769334555	0
-98	-47.9928936362	0
-98.0930324197	-48	0
-99	-48.0697409064	0
-100	-48.1100017652	0
-101	-48.1180691794	0
-102	-48.0982934684	0
-103	-48.0549938418	0
-103.880006075	-48	0
-104	-47.9924142361	0
-105	-47.9138108492	0
-106	-47.824224472	0
-107	-47.7281194329	0
-108	-47.6298000813	0
-109	-47.5332372189	0
-110	-47.4419009686	0
-111	-47.3586230874	0
-112	-47.2855070829	0
-113	-47.2238958627	0
-114	-47.1743972898	0
-115	-47.1369587779	0
-116	-47.1109767556	0
-117	-47.0954249501	0
-118	-47.0889860094	0
-119	-47.0901743993	0
-120	-47.0974427909	0
-121	-47.1092680842	0
-122	-47.1242164746	0
-123	-47.140989542	0
-124	-47.158454448	0
-125	-47.1756619364	0
-126	-47.1918553263	0
-127	-47.2064743042	0
-128	-47.2191553414	0
-129	-47.2297311127	0
-130	-47.2382297814	0
-131	-47.2448750585	0
-132	-47.2500865459	0
-133	-47.2544802427	0
-134	-47.258867681	0
-135	-47.2642515898	0
-136	-47.2718167901	0
-137	-47.2829118371	0
-138	-47.2990197837	0
-139	-47.3217140734	0
-140	-47.3525979221	0
-141	-47.3932247162	0
-142	-47.4450016916	0
-143	-47.5090795755	0
-144	-47.5862340927	0
-145	-47.6767507195	0
-146	-47.7803213	0
-147	-47.8959669471	0
-147.830548272	-48	0
-148	-48.022387458	0
-149	-48.1595614403	0
-150	-48.3033339083	0
-151	-48.450302422	0
-152	-48.5964128971	0
-153	-48.7369754314	0
-154	-48.8666478992	0
-155	-48.979360044	0
-155.241863728	-49	0
-156	-49.0729437694	0
-157	-49.1350091696	0
-158	-49.1526613086	0
-159	-49.1106429845	0
-159.910471976	-49	0
-160	-48.9894216061	0
-161	-48.7863690853	0
-162	-48.4593864679	0
-162.931533694	-48	0
-163	-47.9692243338	0
-164	-47.3849680424	0
-164.500995874	-47	0
-165	-46.6700709462	0
-165.820628047	-46	0
-166	-45.8768934011	0
-167	-45.0719081387	0
-167.077853352	-45	0
-168	-44.3002156019	0
-168.352330923	-44	0
-169	-43.542560041	0
-169.70307076	-43	0
-170	-42.8071160316	0
-171	-42.1178611815	0
-171.163990811	-42	0
-172	-41.4893350899	0
-172.782456338	-41	0
-173	-40.8818699718	0
-174	-40.3430993855	0
-174.652382374	-40	0
-175	-39.8389766812	0
-176	-39.399813205	0
-176.987355351	-39	0
-177	-38.9954223633	0
-178	-38.6683936119	0
-179	-38.3852533996	0
-180	-38.1480502486	0
> 0 contour -Z0
80	53.2808693051	0
81	53.4572324157	0
82	53.5290575027	0
83	53.4914627969	0
84	53.332156688	0
85	53.0290760901	0
85.0640918836	53	0
86	52.3441129029	0
86.3345806599	52	0
86.7637642026	51	0
86.7488931417	50	0
86.4293761849	49	0
86	48.1870614886	0
85.8908909559	48	0
85.1214033142	47	0
85	46.8646524847	0
84.1130518764	46	0
84	45.8986265212	0
83	45.1704344749	0
82.6794608831	45	0
82	44.6546184421	0
81	44.3721428514	0
80	44.3693641424	0
79	44.7048333883	0
78.5709809959	45	0
78	45.462305367	0
77.5392137468	46	0
77	46.7709668875	0
76.8694882691	47	0
76.4467032552	48	0
76.2063647509	49	0
76.20698452	50	0
76.5263793766	51	0
77	51.6562669277	0
77.3130908608	52	0
78	52.4760428369	0
79	52.9980089068	0
79.005292058	53	0
80	53.2808693051	0
> 0 contour -Z0
-138	45.2364764214	0
-137	45.6167001128	0
-136	45.7533294559	0
-135	45.6734476089	0
-134	45.4072611034	0
-133.033164024	45	0
-133	44.983024776	0
-132	44.3060484529	0
-131.614586353	44	0
-131	43.3724626601	0
-130.667877585	43	0
-130.061101079	42	0
-130	41.7213988304	0
-129.844936118	41	0
-130	40.438786447	0
-130.165699482	40	0
-131	39.3364429474	0
-131.638292253	39	0
-132	38.8865546957	0
-133	38.6732819974	0
-134	38.5555011034	0
-135	38.5255675018	0
-136	38.5851079822	0
-137	38.7448830903	0
-137.908932209	39	0
-138	39.0372495055	0
-139	39.6544840038	0
-139.389329284	40	0
-139.981024504	41	0
-140	41.123152256	0
-140.104998901	42	0
-140	42.6078356504	0
-139.918737352	43	0
-139.386850327	44	0
-139	44.4603046179	0
-138.373714954	45	0
-138	45.2364764214	0
> 0 contour -Z0
-49	43.0174148679	0
-48	43.3791038096	0
-47	43.6674873829	0
-46	43.8772411346	0
-45	43.9950560331	0
-44	43.9913378358	0
-43	43.7971589565	0
-42	43.2233486623	0
-41.7928853035	43	0
-41.445797801	42	0
-41.4777126312	41	0
-41.7000540197	40	0
-42	39.1339187026	0
-42.0428189039	39	0
-42.4936663508	38	0
-43	37.0215623379	0
-43.0109582543	37	0
-43.6331698	36	0
-44	35.4736683965	0
-44.3412235379	35	0
-45	34.1845012903	0
-45.1606073976	34	0
-46	33.1364544034	0
-46.1497516036	33	0
-47	32.2989658713	0
-47.4328604341	32	0
-48	31.6400212348	0
-49	31.1525515318	0
-49.4831263423	31	0
-50	30.8475966901	0
-51	30.7340215445	0
-52	30.8219183087	0
-52.5704089999	31	0
-53	31.1658005118	0
-54	31.8603480458	0
-54.1390813291	32	0
-54.8661429286	33	0
-55	33.2930300832	0
-55.257578522	34	0
-55.4208362401	35	0
-55.3944111466	36	0
-55.1913688481	37	0
-55	37.5141353011	0
-54.8003207445	38	0
-54.2180411667	39	0
-54	39.2941714823	0
-53.4151829779	40	0
-53	40.4237312376	0
-52.3607892394	41	0
-52	41.289088279	0
-51	41.9919400811	0
-50.9863650203	42	0
-50	42.5425316691	0
-49.0379756056	43	0
-49	43.0174148679	0
> 0 contour -Z0
69	-4.70341879129	0
70	-4.55883955956	0
70.9015060067	-5	0
71	-5.08646959066	0
71.4287401438	-6	0
71.5238076448	-7	0
71.3325232565	-8	0
71	-8.85035020113	0
70.9160337448	-9	0
70.1825042069	-10	0
70	-10.2264472991	0
69.0569767766	-11	0
69	-11.0488861538	0
68	-11.3152339756	0
67.5249651372	-11	0
67	-10.2306379527	0
66.9444150478	-10	0
66.8647813499	-9	0
66.9372551069	-8	0
67	-7.70930317044	0
67.2123379707	-7	0
67.6844134927	-6	0
68	-5.51558417082	0
68.5729649663	-5	0
69	-4.70341879129	0
> 0 contour -Z0
129	-33.7922767997	0
130	-33.3834338784	0
131	-33.3417716026	0
132	-33.6037166417	0
132.722123861	-34	0
133	-34.1741535068	0
133.858233929	-35	0
134	-35.1613653302	0
134.544153154	-36	0
135	-36.8655749708	0
135.056313764	-37	0
135.390034825	-38	0
135.641533971	-39	0
135.817466378	-40	0
135.917495131	-41	0
135.933970749	-42	0
135.850616157	-43	0
135.640129447	-44	0
135.260438681	-45	0
135	-45.4467187822	0
134.478766382	-46	0
134	-46.3605393767	0
133	-46.6858320832	0
132	-46.6409578323	0
131	-46.2702433169	0
130.60833624	-46	0
130	-45.5087817311	0
129.570946127	-45	0
129	-44.2011543512	0
128.890924081	-44	0
128.435730338	-43	0
128.053712547	-42	0
128	-41.8255584836	0
127.792619616	-41	0
127.599512279	-40	0
127.468536973	-39	0
127.411603928	-38	0
127.449180663	-37	0
127.612974405	-36	0
127.949949782	-35	0
128	-34.9042127654	0
128.751250982	-34	0
129	-33.7922767997	0
