1.080389511370391062e+02 -6.498539972735920855e+01
1.055689707025387065e+02 -5.201481207442171950e+01
3.754176115870816233e+01 1.775032178257092141e+00
5.659470204156543360e+01 8.994776870600226459e+00
2.216595296923469149e+01 -9.247045408492423846e+00
8.751419843593208725e+01 3.616843452669862558e+01
2.148870509631534276e+01 -1.738349974428347267e+01
-1.011383643639067209e+01 5.817933843172860442e+00
-7.824485085826208319e+01 7.395074036378424864e+01
-9.840067299208826057e+01 3.503985840038617994e+01
-6.362707143599018877e+01 4.913603443311640007e+01
6.533016384841829449e+01 8.912475119299193338e+00
