1.068631870974149933e+01 1.614995964837553899e+01
-4.754526689825614660e+00 1.488012283832384952e+01
-4.938907716046170293e+01 6.095072029237070410e+01
-2.198331488576721426e+01 6.694180390187011653e+01
-7.999230824351992730e+00 4.840800561284158476e+01
-5.831678648178166924e+01 -1.533454282290520787e+01
1.478240992447966562e+01 -7.987380501327054105e+01
-5.946833867554843778e+01 -3.266661319866849311e+01
1.503673655258446615e+02 -7.694385877169220578e+01
-1.006131750138490872e+02 4.301043861894066822e+01
-6.465483405397121430e+01 3.946074285664226977e+01
1.799085837291102621e+02 -8.559999769029309391e+01
