5.274334607963029242e+01 3.326178151363315294e+01
6.267151948151872176e+01 -6.235309300397302579e+00
1.043641784283398692e+02 -5.436078939814579769e+01
1.277126001595105436e+02 6.705165371954481657e+01
-8.408486672936899708e+01 4.159890543500320348e+01
-6.136951616797907150e+01 5.027331246504716944e+01
1.096515627019779515e+02 3.865162206187193306e+01
1.067705527468001634e+02 3.875991110311198895e+01
-9.714824660454734584e+00 3.686727380577664093e+01
5.567281307202244278e+01 3.357048384336243885e+01
4.247613895582696841e+01 -2.026220082602112527e+01
1.066018731876710746e+02 3.957518809982842356e+01
