-7.477142589046442822e+01 3.212847502127080190e+01
-5.098806681272183283e+01 -1.352169112180651034e+01
2.667288536367573926e+01 1.501651092201700344e+01
1.215289899907475331e+02 -5.198423609978750903e+01
4.903793854640628069e+01 2.945706080512457703e+01
1.221238960368031599e+02 -3.249141353822581380e+01
-6.048953946978863883e+01 -1.022570310472530508e+01
4.308167521450713622e+01 -7.841812460144326735e+01
7.756143037723005307e+01 3.743689895229980635e+01
-3.377932008630266836e+01 -1.673320330110864163e+01
-1.304020082573222261e+01 6.740255086675806417e+00
9.613190168742222852e+01 -7.153707705303486364e+01
