4.440830724616012049e+01 5.884988438725617499e+01
-1.031061438389937877e+02 4.254433110929049633e+01
6.343312767154144893e+01 1.998543229906357865e+01
7.086308450827773697e+01 -8.212598404846994526e+01
4.798477052578090252e+01 -1.082843788168275623e+01
-6.474988626130246416e+01 -8.388474916047772467e+01
9.647235884114716953e+01 6.137866338821924472e+01
1.044379880281555870e+02 7.556464096093660032e+01
-8.711274106137979345e+01 6.370112529118726741e+01
8.733388613569047720e+01 6.021496058429592324e+01
1.231035780241020632e+02 5.949602896912418259e+01
7.647520985775301483e+01 3.817425376731237918e+01
