-5.260702239055077456e+01 -1.109665700455111725e+01
1.710272906109349478e+01 -5.160980550947484424e+00
-6.267785509385638676e+01 -2.040860792901381338e+00
-3.644666701047106727e+01 -9.259604905606277470e+00
-1.028694228525463394e+01 8.907493855884606404e+00
-9.243102634792491301e+01 4.903668549561646728e+01
-5.018151382551664597e+01 5.304400200222281825e+01
8.891689614931640051e+01 5.742401261305973037e+01
7.896335700793260060e+01 4.506154879146894388e+01
-3.478693424016513092e+01 -1.847079919420707839e+01
-4.551718841106863778e+01 -1.492518826720619707e+01
-1.821286594259062586e+00 2.173596091655140672e+00
