1.995754957199999957e+00
1.002029538149999954e+00
0.000000000000000000e+00
0.000000000000000000e+00
2.134438753129999977e+00
9.694640159609999586e+00
9.694640159609999586e+00
9.694640159609999586e+00
0.000000000000000000e+00
6.440055370329999640e+00
9.694640159609999586e+00
0.000000000000000000e+00
9.694640159609999586e+00
9.694640159609999586e+00
0.000000000000000000e+00
9.694640159609999586e+00
9.694640159609999586e+00
0.000000000000000000e+00
9.694640159609999586e+00
9.694640159609999586e+00
8.497932553289999635e-01
2.983768939970000034e+00
0.000000000000000000e+00
0.000000000000000000e+00
0.000000000000000000e+00
0.000000000000000000e+00
0.000000000000000000e+00
1.063638401030000047e+01
9.694640159609999586e+00
9.694640159609999586e+00
4.376258373259999779e+00
9.694640159609999586e+00
9.694640159609999586e+00
5.580015659329999878e+00
5.580015659329999878e+00
9.694640159609999586e+00
1.063638401030000047e+01
9.694640159609999586e+00
9.694640159609999586e+00
2.983768939970000034e+00
0.000000000000000000e+00
0.000000000000000000e+00
1.063638401030000047e+01
5.580015659329999878e+00
0.000000000000000000e+00
0.000000000000000000e+00
0.000000000000000000e+00
2.983768939970000034e+00
0.000000000000000000e+00
3.263288259509999900e+00
3.263288259509999900e+00
1.063638401030000047e+01
5.081497669220000013e+00
3.714525222779999858e+00
2.808629512790000060e+00
0.000000000000000000e+00
0.000000000000000000e+00
5.580015659329999878e+00
1.063638401030000047e+01
5.081497669220000013e+00
5.580015659329999878e+00
0.000000000000000000e+00
5.580015659329999878e+00
5.580015659329999878e+00
5.580015659329999878e+00
4.376258373259999779e+00
0.000000000000000000e+00
0.000000000000000000e+00
5.081497669220000013e+00
5.580015659329999878e+00
5.580015659329999878e+00
5.580015659329999878e+00
5.580015659329999878e+00
5.580015659329999878e+00
5.580015659329999878e+00
5.580015659329999878e+00
0.000000000000000000e+00
0.000000000000000000e+00
0.000000000000000000e+00
5.580015659329999878e+00
5.580015659329999878e+00
5.580015659329999878e+00
5.580015659329999878e+00
5.580015659329999878e+00
5.580015659329999878e+00
5.580015659329999878e+00
5.081497669220000013e+00
0.000000000000000000e+00
5.580015659329999878e+00
5.580015659329999878e+00
5.580015659329999878e+00
5.580015659329999878e+00
5.580015659329999878e+00
5.580015659329999878e+00
5.081497669220000013e+00
