0.000000000000000000e+00
0.000000000000000000e+00
0.000000000000000000e+00
0.000000000000000000e+00
4.381113529210000301e+00
0.000000000000000000e+00
0.000000000000000000e+00
0.000000000000000000e+00
0.000000000000000000e+00
0.000000000000000000e+00
0.000000000000000000e+00
1.995754957199999957e+00
0.000000000000000000e+00
0.000000000000000000e+00
0.000000000000000000e+00
0.000000000000000000e+00
3.627546072009999900e+00
0.000000000000000000e+00
0.000000000000000000e+00
4.381113529210000301e+00
4.031962394709999842e+00
4.031962394709999842e+00
4.031962394709999842e+00
1.826845359800000068e+01
3.436823129650000030e+00
1.902128791810000052e+01
1.826845359800000068e+01
0.000000000000000000e+00
0.000000000000000000e+00
0.000000000000000000e+00
0.000000000000000000e+00
4.031962394709999842e+00
0.000000000000000000e+00
0.000000000000000000e+00
0.000000000000000000e+00
4.031962394709999842e+00
4.031962394709999842e+00
0.000000000000000000e+00
4.381113529210000301e+00
3.627546072009999900e+00
8.926173448559999724e-01
0.000000000000000000e+00
0.000000000000000000e+00
0.000000000000000000e+00
0.000000000000000000e+00
4.381113529210000301e+00
3.299000740049999880e+00
1.826845359800000068e+01
0.000000000000000000e+00
0.000000000000000000e+00
0.000000000000000000e+00
0.000000000000000000e+00
4.031962394709999842e+00
0.000000000000000000e+00
0.000000000000000000e+00
0.000000000000000000e+00
4.031962394709999842e+00
4.031962394709999842e+00
1.902128791810000052e+01
0.000000000000000000e+00
0.000000000000000000e+00
0.000000000000000000e+00
0.000000000000000000e+00
0.000000000000000000e+00
0.000000000000000000e+00
4.031962394709999842e+00
3.470707654949999998e+00
0.000000000000000000e+00
0.000000000000000000e+00
4.381113529210000301e+00
4.381113529210000301e+00
8.926173448559999724e-01
0.000000000000000000e+00
0.000000000000000000e+00
0.000000000000000000e+00
0.000000000000000000e+00
4.031962394709999842e+00
0.000000000000000000e+00
0.000000000000000000e+00
3.627546072009999900e+00
0.000000000000000000e+00
4.381113529210000301e+00
3.627546072009999900e+00
0.000000000000000000e+00
0.000000000000000000e+00
4.031962394709999842e+00
0.000000000000000000e+00
8.926173448559999724e-01
0.000000000000000000e+00
0.000000000000000000e+00
0.000000000000000000e+00
4.381113529210000301e+00
0.000000000000000000e+00
0.000000000000000000e+00
3.299000740049999880e+00
0.000000000000000000e+00
0.000000000000000000e+00
0.000000000000000000e+00
3.299000740049999880e+00
1.826845359800000068e+01
0.000000000000000000e+00
0.000000000000000000e+00
0.000000000000000000e+00
0.000000000000000000e+00
0.000000000000000000e+00
4.381113529210000301e+00
3.938882827760000094e+00
3.470707654949999998e+00
1.265124702449999994e+01
0.000000000000000000e+00
0.000000000000000000e+00
3.627546072009999900e+00
4.381113529210000301e+00
0.000000000000000000e+00
4.381113529210000301e+00
4.381113529210000301e+00
3.470707654949999998e+00
0.000000000000000000e+00
4.381113529210000301e+00
3.470707654949999998e+00
0.000000000000000000e+00
0.000000000000000000e+00
0.000000000000000000e+00
4.381113529210000301e+00
0.000000000000000000e+00
0.000000000000000000e+00
1.728971290590000010e+01
0.000000000000000000e+00
1.053963947299999937e+01
3.627546072009999900e+00
3.627546072009999900e+00
0.000000000000000000e+00
0.000000000000000000e+00
0.000000000000000000e+00
0.000000000000000000e+00
1.728971290590000010e+01
0.000000000000000000e+00
4.031962394709999842e+00
1.936849975590000028e+01
0.000000000000000000e+00
0.000000000000000000e+00
1.288101768489999976e+01
0.000000000000000000e+00
4.381113529210000301e+00
1.307947254179999952e+01
0.000000000000000000e+00
0.000000000000000000e+00
0.000000000000000000e+00
0.000000000000000000e+00
0.000000000000000000e+00
1.307947254179999952e+01
0.000000000000000000e+00
1.288101768489999976e+01
0.000000000000000000e+00
0.000000000000000000e+00
1.728971290590000010e+01
1.760106658939999846e+01
1.307947254179999952e+01
0.000000000000000000e+00
0.000000000000000000e+00
0.000000000000000000e+00
0.000000000000000000e+00
1.288101768489999976e+01
0.000000000000000000e+00
1.728971290590000010e+01
