0.000000000000000000e+00
0.000000000000000000e+00
0.000000000000000000e+00
0.000000000000000000e+00
4.381113529210000301e+00
0.000000000000000000e+00
0.000000000000000000e+00
0.000000000000000000e+00
0.000000000000000000e+00
0.000000000000000000e+00
0.000000000000000000e+00
1.995754957199999957e+00
0.000000000000000000e+00
0.000000000000000000e+00
0.000000000000000000e+00
0.000000000000000000e+00
5.250532150269999754e+00
0.000000000000000000e+00
0.000000000000000000e+00
4.381113529210000301e+00
4.887221336359999668e+00
4.887221336359999668e+00
4.887221336359999668e+00
9.614950180050000128e+00
3.008225202559999811e+00
9.852106094359999844e+00
9.614950180050000128e+00
0.000000000000000000e+00
0.000000000000000000e+00
0.000000000000000000e+00
0.000000000000000000e+00
4.887221336359999668e+00
0.000000000000000000e+00
0.000000000000000000e+00
0.000000000000000000e+00
4.887221336359999668e+00
4.887221336359999668e+00
0.000000000000000000e+00
4.381113529210000301e+00
5.250532150269999754e+00
2.868123531340000198e+00
0.000000000000000000e+00
0.000000000000000000e+00
0.000000000000000000e+00
0.000000000000000000e+00
4.381113529210000301e+00
5.713581562039999895e+00
9.614950180050000128e+00
0.000000000000000000e+00
0.000000000000000000e+00
0.000000000000000000e+00
0.000000000000000000e+00
4.887221336359999668e+00
0.000000000000000000e+00
0.000000000000000000e+00
0.000000000000000000e+00
4.887221336359999668e+00
4.887221336359999668e+00
9.852106094359999844e+00
0.000000000000000000e+00
0.000000000000000000e+00
0.000000000000000000e+00
0.000000000000000000e+00
0.000000000000000000e+00
0.000000000000000000e+00
4.887221336359999668e+00
4.734119415280000354e+00
0.000000000000000000e+00
0.000000000000000000e+00
4.381113529210000301e+00
4.381113529210000301e+00
2.868123531340000198e+00
0.000000000000000000e+00
0.000000000000000000e+00
0.000000000000000000e+00
0.000000000000000000e+00
4.887221336359999668e+00
0.000000000000000000e+00
0.000000000000000000e+00
5.250532150269999754e+00
0.000000000000000000e+00
4.381113529210000301e+00
5.250532150269999754e+00
0.000000000000000000e+00
0.000000000000000000e+00
4.887221336359999668e+00
0.000000000000000000e+00
2.868123531340000198e+00
0.000000000000000000e+00
0.000000000000000000e+00
0.000000000000000000e+00
4.381113529210000301e+00
0.000000000000000000e+00
0.000000000000000000e+00
5.713581562039999895e+00
0.000000000000000000e+00
0.000000000000000000e+00
0.000000000000000000e+00
5.713581562039999895e+00
9.614950180050000128e+00
0.000000000000000000e+00
0.000000000000000000e+00
0.000000000000000000e+00
0.000000000000000000e+00
0.000000000000000000e+00
4.381113529210000301e+00
3.971889019009999799e+00
4.734119415280000354e+00
1.029342746730000080e+01
0.000000000000000000e+00
0.000000000000000000e+00
5.250532150269999754e+00
4.381113529210000301e+00
0.000000000000000000e+00
4.381113529210000301e+00
4.381113529210000301e+00
4.734119415280000354e+00
0.000000000000000000e+00
4.381113529210000301e+00
4.734119415280000354e+00
0.000000000000000000e+00
0.000000000000000000e+00
0.000000000000000000e+00
4.381113529210000301e+00
0.000000000000000000e+00
0.000000000000000000e+00
1.114693260189999968e+01
0.000000000000000000e+00
0.000000000000000000e+00
5.250532150269999754e+00
5.250532150269999754e+00
0.000000000000000000e+00
0.000000000000000000e+00
0.000000000000000000e+00
0.000000000000000000e+00
1.114693260189999968e+01
0.000000000000000000e+00
4.887221336359999668e+00
8.105472564699999438e+00
0.000000000000000000e+00
0.000000000000000000e+00
1.068140029909999988e+01
0.000000000000000000e+00
4.381113529210000301e+00
1.073168182370000068e+01
0.000000000000000000e+00
0.000000000000000000e+00
0.000000000000000000e+00
0.000000000000000000e+00
0.000000000000000000e+00
1.073168182370000068e+01
0.000000000000000000e+00
1.068140029909999988e+01
0.000000000000000000e+00
0.000000000000000000e+00
1.114693260189999968e+01
1.063454151150000015e+01
1.073168182370000068e+01
0.000000000000000000e+00
0.000000000000000000e+00
0.000000000000000000e+00
0.000000000000000000e+00
1.068140029909999988e+01
0.000000000000000000e+00
1.114693260189999968e+01
