2.614879846570000055e+00
2.614879846570000055e+00
0.000000000000000000e+00
2.614879846570000055e+00
2.614879846570000055e+00
2.614879846570000055e+00
2.614879846570000055e+00
2.614879846570000055e+00
0.000000000000000000e+00
2.245750665660000145e+00
0.000000000000000000e+00
2.614879846570000055e+00
2.369583606720000013e+00
1.987411141399999970e+00
1.993838787080000063e+00
2.614879846570000055e+00
2.369583606720000013e+00
2.614879846570000055e+00
2.614879846570000055e+00
1.993838787080000063e+00
2.614879846570000055e+00
1.993838787080000063e+00
2.596139431000000108e+00
0.000000000000000000e+00
2.614879846570000055e+00
2.369583606720000013e+00
2.369583606720000013e+00
2.614879846570000055e+00
8.101808547970000163e+00
0.000000000000000000e+00
0.000000000000000000e+00
2.369583606720000013e+00
2.614879846570000055e+00
2.614879846570000055e+00
2.614879846570000055e+00
0.000000000000000000e+00
4.322046279910000344e+00
0.000000000000000000e+00
0.000000000000000000e+00
2.614879846570000055e+00
0.000000000000000000e+00
5.427988529210000301e+00
8.497932553289999635e-01
0.000000000000000000e+00
0.000000000000000000e+00
2.369583606720000013e+00
2.614879846570000055e+00
0.000000000000000000e+00
0.000000000000000000e+00
0.000000000000000000e+00
0.000000000000000000e+00
1.579760432240000068e+00
0.000000000000000000e+00
0.000000000000000000e+00
0.000000000000000000e+00
6.981186389920000401e+00
8.404408693310000400e-01
0.000000000000000000e+00
8.004965782170000432e-01
1.579760432240000068e+00
1.579760432240000068e+00
0.000000000000000000e+00
0.000000000000000000e+00
6.981186389920000401e+00
0.000000000000000000e+00
0.000000000000000000e+00
