0.000000000000000000e+00
0.000000000000000000e+00
0.000000000000000000e+00
0.000000000000000000e+00
9.955210685730000009e+00
1.441608715059999923e+01
0.000000000000000000e+00
1.279348564150000023e+01
0.000000000000000000e+00
0.000000000000000000e+00
0.000000000000000000e+00
0.000000000000000000e+00
0.000000000000000000e+00
1.241460418700000012e+01
0.000000000000000000e+00
0.000000000000000000e+00
0.000000000000000000e+00
0.000000000000000000e+00
0.000000000000000000e+00
0.000000000000000000e+00
1.279348564150000023e+01
1.159997653960000008e+01
9.949619173999999511e-01
0.000000000000000000e+00
0.000000000000000000e+00
1.241460418700000012e+01
1.279348564150000023e+01
0.000000000000000000e+00
0.000000000000000000e+00
9.949619173999999511e-01
0.000000000000000000e+00
1.279348564150000023e+01
1.241460418700000012e+01
0.000000000000000000e+00
0.000000000000000000e+00
0.000000000000000000e+00
1.122038364410000000e+01
1.122038364410000000e+01
0.000000000000000000e+00
0.000000000000000000e+00
0.000000000000000000e+00
1.241460418700000012e+01
1.241460418700000012e+01
1.279348564150000023e+01
0.000000000000000000e+00
0.000000000000000000e+00
1.241460418700000012e+01
1.279348564150000023e+01
1.279348564150000023e+01
1.279348564150000023e+01
0.000000000000000000e+00
1.279348564150000023e+01
1.279348564150000023e+01
1.279348564150000023e+01
0.000000000000000000e+00
1.279348564150000023e+01
1.241460418700000012e+01
1.279348564150000023e+01
1.279348564150000023e+01
1.279348564150000023e+01
0.000000000000000000e+00
1.279348564150000023e+01
1.279348564150000023e+01
0.000000000000000000e+00
0.000000000000000000e+00
0.000000000000000000e+00
0.000000000000000000e+00
1.241460418700000012e+01
1.241460418700000012e+01
1.241460418700000012e+01
1.241460418700000012e+01
1.279348564150000023e+01
1.279348564150000023e+01
1.219664001459999980e+01
1.241460418700000012e+01
0.000000000000000000e+00
1.712342453000000120e+01
0.000000000000000000e+00
1.279348564150000023e+01
1.613465690609999825e+01
1.279348564150000023e+01
0.000000000000000000e+00
0.000000000000000000e+00
1.712342453000000120e+01
1.613465690609999825e+01
1.613465690609999825e+01
