2.401401519779999827e+00
2.401401519779999827e+00
0.000000000000000000e+00
2.401401519779999827e+00
2.401401519779999827e+00
2.401401519779999827e+00
2.401401519779999827e+00
2.401401519779999827e+00
0.000000000000000000e+00
2.245750665660000145e+00
0.000000000000000000e+00
2.401401519779999827e+00
1.877642393109999919e+00
0.000000000000000000e+00
1.993838787080000063e+00
2.401401519779999827e+00
1.877642393109999919e+00
2.401401519779999827e+00
2.401401519779999827e+00
1.993838787080000063e+00
2.401401519779999827e+00
1.993838787080000063e+00
1.896198868749999988e+00
0.000000000000000000e+00
2.401401519779999827e+00
1.877642393109999919e+00
1.877642393109999919e+00
2.401401519779999827e+00
7.239842414860000019e+00
0.000000000000000000e+00
0.000000000000000000e+00
1.877642393109999919e+00
2.401401519779999827e+00
2.401401519779999827e+00
2.401401519779999827e+00
0.000000000000000000e+00
4.322046279910000344e+00
0.000000000000000000e+00
0.000000000000000000e+00
2.401401519779999827e+00
0.000000000000000000e+00
4.122168064120000253e+00
8.497932553289999635e-01
0.000000000000000000e+00
0.000000000000000000e+00
1.877642393109999919e+00
2.401401519779999827e+00
0.000000000000000000e+00
0.000000000000000000e+00
0.000000000000000000e+00
0.000000000000000000e+00
1.276166081429999988e+00
0.000000000000000000e+00
0.000000000000000000e+00
0.000000000000000000e+00
6.133119583130000052e+00
8.404408693310000400e-01
0.000000000000000000e+00
0.000000000000000000e+00
1.276166081429999988e+00
1.276166081429999988e+00
0.000000000000000000e+00
0.000000000000000000e+00
6.133119583130000052e+00
0.000000000000000000e+00
0.000000000000000000e+00
