2.596306800839999873e+00
0.000000000000000000e+00
2.840703725810000080e+00
2.596306800839999873e+00
2.161139965059999835e+00
2.161139965059999835e+00
2.596306800839999873e+00
9.150727391240000008e-01
2.161139965059999835e+00
0.000000000000000000e+00
9.150727391240000008e-01
0.000000000000000000e+00
0.000000000000000000e+00
0.000000000000000000e+00
0.000000000000000000e+00
0.000000000000000000e+00
3.230485916140000135e+00
0.000000000000000000e+00
6.750310420990000004e+00
0.000000000000000000e+00
0.000000000000000000e+00
0.000000000000000000e+00
0.000000000000000000e+00
0.000000000000000000e+00
6.750310420990000004e+00
0.000000000000000000e+00
6.750310420990000004e+00
4.520331859589999723e+00
2.161139965059999835e+00
0.000000000000000000e+00
4.928546905520000188e+00
6.750310420990000004e+00
2.596306800839999873e+00
0.000000000000000000e+00
