4.559800624850000261e+00
4.559800624850000261e+00
0.000000000000000000e+00
0.000000000000000000e+00
4.830768108370000036e+00
0.000000000000000000e+00
4.830768108370000036e+00
0.000000000000000000e+00
0.000000000000000000e+00
0.000000000000000000e+00
0.000000000000000000e+00
0.000000000000000000e+00
0.000000000000000000e+00
0.000000000000000000e+00
0.000000000000000000e+00
0.000000000000000000e+00
0.000000000000000000e+00
0.000000000000000000e+00
0.000000000000000000e+00
0.000000000000000000e+00
0.000000000000000000e+00
0.000000000000000000e+00
0.000000000000000000e+00
0.000000000000000000e+00
0.000000000000000000e+00
0.000000000000000000e+00
0.000000000000000000e+00
0.000000000000000000e+00
0.000000000000000000e+00
3.828109979630000215e+00
1.946298480030000055e+00
0.000000000000000000e+00
0.000000000000000000e+00
1.301245927809999925e+00
0.000000000000000000e+00
0.000000000000000000e+00
0.000000000000000000e+00
4.966980457310000041e+00
1.301245927809999925e+00
0.000000000000000000e+00
0.000000000000000000e+00
0.000000000000000000e+00
0.000000000000000000e+00
0.000000000000000000e+00
5.792338371279999620e+00
0.000000000000000000e+00
0.000000000000000000e+00
1.000967621800000096e+00
0.000000000000000000e+00
0.000000000000000000e+00
0.000000000000000000e+00
0.000000000000000000e+00
0.000000000000000000e+00
0.000000000000000000e+00
1.301245927809999925e+00
0.000000000000000000e+00
1.680862665180000048e+00
0.000000000000000000e+00
0.000000000000000000e+00
0.000000000000000000e+00
0.000000000000000000e+00
0.000000000000000000e+00
1.301245927809999925e+00
0.000000000000000000e+00
8.404408693310000400e-01
1.946298480030000055e+00
1.301245927809999925e+00
