8.038941383359999193e+00
8.038941383359999193e+00
0.000000000000000000e+00
0.000000000000000000e+00
1.045533943180000058e+01
0.000000000000000000e+00
1.045533943180000058e+01
0.000000000000000000e+00
0.000000000000000000e+00
0.000000000000000000e+00
0.000000000000000000e+00
0.000000000000000000e+00
0.000000000000000000e+00
0.000000000000000000e+00
0.000000000000000000e+00
0.000000000000000000e+00
0.000000000000000000e+00
0.000000000000000000e+00
0.000000000000000000e+00
0.000000000000000000e+00
0.000000000000000000e+00
0.000000000000000000e+00
0.000000000000000000e+00
0.000000000000000000e+00
0.000000000000000000e+00
0.000000000000000000e+00
0.000000000000000000e+00
0.000000000000000000e+00
0.000000000000000000e+00
9.798769950869999690e+00
1.661644339560000017e+00
0.000000000000000000e+00
0.000000000000000000e+00
8.308321237560000183e-01
0.000000000000000000e+00
0.000000000000000000e+00
0.000000000000000000e+00
8.109919548029999703e+00
8.308321237560000183e-01
0.000000000000000000e+00
0.000000000000000000e+00
0.000000000000000000e+00
0.000000000000000000e+00
0.000000000000000000e+00
7.911643505099999807e+00
0.000000000000000000e+00
0.000000000000000000e+00
0.000000000000000000e+00
0.000000000000000000e+00
0.000000000000000000e+00
0.000000000000000000e+00
0.000000000000000000e+00
0.000000000000000000e+00
0.000000000000000000e+00
8.308321237560000183e-01
0.000000000000000000e+00
1.680862665180000048e+00
0.000000000000000000e+00
0.000000000000000000e+00
0.000000000000000000e+00
0.000000000000000000e+00
0.000000000000000000e+00
8.308321237560000183e-01
0.000000000000000000e+00
8.404408693310000400e-01
1.661644339560000017e+00
8.308321237560000183e-01
