0.000000000000000000e+00
0.000000000000000000e+00
0.000000000000000000e+00
0.000000000000000000e+00
3.659966230389999797e+00
0.000000000000000000e+00
0.000000000000000000e+00
0.000000000000000000e+00
0.000000000000000000e+00
0.000000000000000000e+00
0.000000000000000000e+00
3.847320318219999979e+00
0.000000000000000000e+00
0.000000000000000000e+00
0.000000000000000000e+00
0.000000000000000000e+00
4.513362407679999855e+00
0.000000000000000000e+00
0.000000000000000000e+00
3.659966230389999797e+00
4.020725727080000311e+00
4.020725727080000311e+00
4.020725727080000311e+00
9.614950180050000128e+00
3.008225202559999811e+00
9.852106094359999844e+00
9.614950180050000128e+00
0.000000000000000000e+00
0.000000000000000000e+00
0.000000000000000000e+00
0.000000000000000000e+00
4.020725727080000311e+00
0.000000000000000000e+00
0.000000000000000000e+00
0.000000000000000000e+00
4.020725727080000311e+00
4.020725727080000311e+00
0.000000000000000000e+00
3.659966230389999797e+00
4.513362407679999855e+00
5.418509006499999892e+00
0.000000000000000000e+00
0.000000000000000000e+00
0.000000000000000000e+00
0.000000000000000000e+00
3.659966230389999797e+00
4.373049736019999578e+00
9.614950180050000128e+00
0.000000000000000000e+00
0.000000000000000000e+00
0.000000000000000000e+00
0.000000000000000000e+00
4.020725727080000311e+00
0.000000000000000000e+00
0.000000000000000000e+00
0.000000000000000000e+00
4.020725727080000311e+00
4.020725727080000311e+00
9.852106094359999844e+00
0.000000000000000000e+00
0.000000000000000000e+00
0.000000000000000000e+00
0.000000000000000000e+00
0.000000000000000000e+00
0.000000000000000000e+00
4.020725727080000311e+00
4.812962532040000241e+00
0.000000000000000000e+00
0.000000000000000000e+00
3.659966230389999797e+00
3.659966230389999797e+00
5.418509006499999892e+00
0.000000000000000000e+00
0.000000000000000000e+00
0.000000000000000000e+00
0.000000000000000000e+00
4.020725727080000311e+00
0.000000000000000000e+00
0.000000000000000000e+00
4.513362407679999855e+00
0.000000000000000000e+00
3.659966230389999797e+00
4.513362407679999855e+00
0.000000000000000000e+00
0.000000000000000000e+00
4.020725727080000311e+00
0.000000000000000000e+00
5.418509006499999892e+00
0.000000000000000000e+00
0.000000000000000000e+00
0.000000000000000000e+00
3.659966230389999797e+00
0.000000000000000000e+00
0.000000000000000000e+00
4.373049736019999578e+00
0.000000000000000000e+00
0.000000000000000000e+00
0.000000000000000000e+00
4.373049736019999578e+00
9.614950180050000128e+00
2.000263929369999971e+00
0.000000000000000000e+00
0.000000000000000000e+00
0.000000000000000000e+00
0.000000000000000000e+00
3.659966230389999797e+00
4.031962394709999842e+00
4.812962532040000241e+00
1.006624603270000051e+01
0.000000000000000000e+00
2.000263929369999971e+00
4.513362407679999855e+00
3.659966230389999797e+00
9.961371421810000237e-01
3.659966230389999797e+00
3.659966230389999797e+00
4.812962532040000241e+00
0.000000000000000000e+00
3.659966230389999797e+00
4.812962532040000241e+00
0.000000000000000000e+00
0.000000000000000000e+00
0.000000000000000000e+00
3.659966230389999797e+00
0.000000000000000000e+00
0.000000000000000000e+00
1.002687263490000014e+01
0.000000000000000000e+00
0.000000000000000000e+00
4.513362407679999855e+00
4.513362407679999855e+00
0.000000000000000000e+00
0.000000000000000000e+00
0.000000000000000000e+00
0.000000000000000000e+00
1.002687263490000014e+01
0.000000000000000000e+00
4.020725727080000311e+00
8.105472564699999438e+00
0.000000000000000000e+00
0.000000000000000000e+00
1.035706520079999926e+01
0.000000000000000000e+00
3.659966230389999797e+00
1.049880504609999932e+01
0.000000000000000000e+00
0.000000000000000000e+00
0.000000000000000000e+00
0.000000000000000000e+00
0.000000000000000000e+00
1.049880504609999932e+01
0.000000000000000000e+00
1.035706520079999926e+01
0.000000000000000000e+00
0.000000000000000000e+00
1.002687263490000014e+01
1.000981140140000036e+01
1.049880504609999932e+01
0.000000000000000000e+00
0.000000000000000000e+00
0.000000000000000000e+00
0.000000000000000000e+00
1.035706520079999926e+01
0.000000000000000000e+00
1.002687263490000014e+01
