4.559800624850000261e+00
4.559800624850000261e+00
0.000000000000000000e+00
0.000000000000000000e+00
4.830768108370000036e+00
0.000000000000000000e+00
4.830768108370000036e+00
0.000000000000000000e+00
0.000000000000000000e+00
1.467568993570000035e+00
6.242364406590000137e+00
2.653698921200000171e+00
1.174177885059999982e+00
2.653698921200000171e+00
5.317891240119999585e-01
1.174177885059999982e+00
1.174177885059999982e+00
2.653698921200000171e+00
0.000000000000000000e+00
0.000000000000000000e+00
1.174177885059999982e+00
0.000000000000000000e+00
0.000000000000000000e+00
0.000000000000000000e+00
1.174177885059999982e+00
0.000000000000000000e+00
0.000000000000000000e+00
1.174177885059999982e+00
1.174177885059999982e+00
3.828109979630000215e+00
7.878286838530000225e+00
0.000000000000000000e+00
0.000000000000000000e+00
8.455249786379999577e+00
0.000000000000000000e+00
0.000000000000000000e+00
0.000000000000000000e+00
3.571731805799999826e+00
8.455249786379999577e+00
0.000000000000000000e+00
0.000000000000000000e+00
0.000000000000000000e+00
5.317891240119999585e-01
0.000000000000000000e+00
4.204583644869999581e+00
0.000000000000000000e+00
4.336870670319999732e+00
2.983315467829999790e+00
1.467568993570000035e+00
0.000000000000000000e+00
0.000000000000000000e+00
0.000000000000000000e+00
0.000000000000000000e+00
1.467568993570000035e+00
8.455249786379999577e+00
0.000000000000000000e+00
7.458055496220000080e+00
0.000000000000000000e+00
0.000000000000000000e+00
1.713797688479999914e+00
1.174177885059999982e+00
0.000000000000000000e+00
8.455249786379999577e+00
0.000000000000000000e+00
7.830285072329999707e+00
7.878286838530000225e+00
8.455249786379999577e+00
