5.138145446780000292e+00
3.903311252590000002e+00
0.000000000000000000e+00
0.000000000000000000e+00
0.000000000000000000e+00
5.138145446780000292e+00
0.000000000000000000e+00
1.002029538149999954e+00
0.000000000000000000e+00
0.000000000000000000e+00
2.670948982240000102e+00
0.000000000000000000e+00
5.960176944729999704e+00
5.423128604889999593e+00
0.000000000000000000e+00
0.000000000000000000e+00
0.000000000000000000e+00
0.000000000000000000e+00
0.000000000000000000e+00
0.000000000000000000e+00
1.117254137990000062e+00
5.423128604889999593e+00
5.423128604889999593e+00
5.423128604889999593e+00
5.423128604889999593e+00
0.000000000000000000e+00
0.000000000000000000e+00
0.000000000000000000e+00
4.485614299769999924e+00
0.000000000000000000e+00
1.407402276990000090e+00
5.423128604889999593e+00
5.423128604889999593e+00
0.000000000000000000e+00
0.000000000000000000e+00
0.000000000000000000e+00
1.117254137990000062e+00
1.117254137990000062e+00
1.407402276990000090e+00
1.117254137990000062e+00
1.117254137990000062e+00
5.423128604889999593e+00
5.423128604889999593e+00
0.000000000000000000e+00
4.485614299769999924e+00
0.000000000000000000e+00
1.117254137990000062e+00
1.117254137990000062e+00
5.423128604889999593e+00
0.000000000000000000e+00
1.117254137990000062e+00
6.644992828370000382e+00
0.000000000000000000e+00
0.000000000000000000e+00
0.000000000000000000e+00
0.000000000000000000e+00
0.000000000000000000e+00
1.407402276990000090e+00
1.002029538149999954e+00
5.423128604889999593e+00
0.000000000000000000e+00
0.000000000000000000e+00
3.192344188689999918e+00
4.485614299769999924e+00
5.423128604889999593e+00
5.423128604889999593e+00
5.423128604889999593e+00
0.000000000000000000e+00
0.000000000000000000e+00
5.960176944729999704e+00
0.000000000000000000e+00
0.000000000000000000e+00
0.000000000000000000e+00
0.000000000000000000e+00
0.000000000000000000e+00
0.000000000000000000e+00
0.000000000000000000e+00
4.485614299769999924e+00
1.002029538149999954e+00
6.610978603360000427e+00
0.000000000000000000e+00
0.000000000000000000e+00
0.000000000000000000e+00
9.150727391240000008e-01
0.000000000000000000e+00
9.150727391240000008e-01
0.000000000000000000e+00
1.354907393459999998e+00
0.000000000000000000e+00
0.000000000000000000e+00
0.000000000000000000e+00
0.000000000000000000e+00
0.000000000000000000e+00
0.000000000000000000e+00
0.000000000000000000e+00
0.000000000000000000e+00
0.000000000000000000e+00
0.000000000000000000e+00
0.000000000000000000e+00
0.000000000000000000e+00
0.000000000000000000e+00
0.000000000000000000e+00
0.000000000000000000e+00
0.000000000000000000e+00
0.000000000000000000e+00
4.485614299769999924e+00
0.000000000000000000e+00
0.000000000000000000e+00
0.000000000000000000e+00
0.000000000000000000e+00
0.000000000000000000e+00
0.000000000000000000e+00
0.000000000000000000e+00
0.000000000000000000e+00
4.485614299769999924e+00
0.000000000000000000e+00
0.000000000000000000e+00
0.000000000000000000e+00
