4.485614299769999924e+00
3.903311252590000002e+00
0.000000000000000000e+00
0.000000000000000000e+00
0.000000000000000000e+00
4.485614299769999924e+00
0.000000000000000000e+00
0.000000000000000000e+00
0.000000000000000000e+00
0.000000000000000000e+00
2.670948982240000102e+00
0.000000000000000000e+00
5.368209838870000361e+00
5.423128604889999593e+00
0.000000000000000000e+00
0.000000000000000000e+00
0.000000000000000000e+00
0.000000000000000000e+00
0.000000000000000000e+00
0.000000000000000000e+00
0.000000000000000000e+00
5.423128604889999593e+00
5.423128604889999593e+00
5.423128604889999593e+00
5.423128604889999593e+00
0.000000000000000000e+00
0.000000000000000000e+00
0.000000000000000000e+00
4.485614299769999924e+00
0.000000000000000000e+00
5.018160939219999950e-01
5.423128604889999593e+00
5.423128604889999593e+00
0.000000000000000000e+00
0.000000000000000000e+00
0.000000000000000000e+00
0.000000000000000000e+00
0.000000000000000000e+00
5.018160939219999950e-01
0.000000000000000000e+00
0.000000000000000000e+00
5.423128604889999593e+00
5.423128604889999593e+00
0.000000000000000000e+00
4.485614299769999924e+00
0.000000000000000000e+00
0.000000000000000000e+00
0.000000000000000000e+00
5.423128604889999593e+00
0.000000000000000000e+00
0.000000000000000000e+00
6.450736999510000125e+00
0.000000000000000000e+00
0.000000000000000000e+00
0.000000000000000000e+00
0.000000000000000000e+00
0.000000000000000000e+00
5.018160939219999950e-01
0.000000000000000000e+00
5.423128604889999593e+00
0.000000000000000000e+00
0.000000000000000000e+00
3.192344188689999918e+00
4.485614299769999924e+00
5.423128604889999593e+00
5.423128604889999593e+00
5.423128604889999593e+00
0.000000000000000000e+00
0.000000000000000000e+00
5.368209838870000361e+00
0.000000000000000000e+00
0.000000000000000000e+00
0.000000000000000000e+00
0.000000000000000000e+00
0.000000000000000000e+00
0.000000000000000000e+00
0.000000000000000000e+00
4.485614299769999924e+00
0.000000000000000000e+00
5.041501045230000422e+00
0.000000000000000000e+00
0.000000000000000000e+00
0.000000000000000000e+00
9.150727391240000008e-01
0.000000000000000000e+00
9.150727391240000008e-01
0.000000000000000000e+00
1.354907393459999998e+00
0.000000000000000000e+00
0.000000000000000000e+00
0.000000000000000000e+00
0.000000000000000000e+00
0.000000000000000000e+00
0.000000000000000000e+00
0.000000000000000000e+00
0.000000000000000000e+00
0.000000000000000000e+00
0.000000000000000000e+00
0.000000000000000000e+00
0.000000000000000000e+00
0.000000000000000000e+00
0.000000000000000000e+00
0.000000000000000000e+00
0.000000000000000000e+00
0.000000000000000000e+00
4.485614299769999924e+00
0.000000000000000000e+00
0.000000000000000000e+00
0.000000000000000000e+00
0.000000000000000000e+00
0.000000000000000000e+00
0.000000000000000000e+00
0.000000000000000000e+00
0.000000000000000000e+00
4.485614299769999924e+00
0.000000000000000000e+00
0.000000000000000000e+00
0.000000000000000000e+00
