2.146969318390000048e+00
2.146969318390000048e+00
0.000000000000000000e+00
2.146969318390000048e+00
2.146969318390000048e+00
2.146969318390000048e+00
2.146969318390000048e+00
2.146969318390000048e+00
0.000000000000000000e+00
1.607985615730000095e+00
0.000000000000000000e+00
2.146969318390000048e+00
9.982995390890000431e-01
0.000000000000000000e+00
1.993784785269999915e+00
2.146969318390000048e+00
9.982995390890000431e-01
2.146969318390000048e+00
2.146969318390000048e+00
1.993784785269999915e+00
2.146969318390000048e+00
1.993784785269999915e+00
1.138118743900000007e+00
0.000000000000000000e+00
2.146969318390000048e+00
9.982995390890000431e-01
9.982995390890000431e-01
2.146969318390000048e+00
4.591700077059999607e+00
0.000000000000000000e+00
0.000000000000000000e+00
9.982995390890000431e-01
2.146969318390000048e+00
2.146969318390000048e+00
2.146969318390000048e+00
0.000000000000000000e+00
3.390313386919999949e+00
0.000000000000000000e+00
0.000000000000000000e+00
2.146969318390000048e+00
0.000000000000000000e+00
0.000000000000000000e+00
8.497932553289999635e-01
0.000000000000000000e+00
0.000000000000000000e+00
9.982995390890000431e-01
2.146969318390000048e+00
0.000000000000000000e+00
0.000000000000000000e+00
0.000000000000000000e+00
0.000000000000000000e+00
1.269643306729999921e+00
0.000000000000000000e+00
0.000000000000000000e+00
0.000000000000000000e+00
6.133119583130000052e+00
0.000000000000000000e+00
0.000000000000000000e+00
0.000000000000000000e+00
1.269643306729999921e+00
1.269643306729999921e+00
0.000000000000000000e+00
0.000000000000000000e+00
6.133119583130000052e+00
1.000392317770000039e+00
0.000000000000000000e+00
