2.161139965059999835e+00
0.000000000000000000e+00
2.840703725810000080e+00
2.161139965059999835e+00
1.929686069489999989e+00
1.929686069489999989e+00
2.161139965059999835e+00
0.000000000000000000e+00
1.929686069489999989e+00
0.000000000000000000e+00
0.000000000000000000e+00
0.000000000000000000e+00
0.000000000000000000e+00
0.000000000000000000e+00
0.000000000000000000e+00
0.000000000000000000e+00
6.675960540770000229e+00
0.000000000000000000e+00
6.750310420990000004e+00
0.000000000000000000e+00
0.000000000000000000e+00
0.000000000000000000e+00
0.000000000000000000e+00
0.000000000000000000e+00
6.750310420990000004e+00
0.000000000000000000e+00
6.750310420990000004e+00
4.520331859589999723e+00
1.929686069489999989e+00
0.000000000000000000e+00
4.928546905520000188e+00
6.750310420990000004e+00
2.161139965059999835e+00
1.240986824039999936e+00
