3.807718038560000018e+00
0.000000000000000000e+00
0.000000000000000000e+00
0.000000000000000000e+00
9.469114542009999802e-01
2.556305408480000096e+00
2.556305408480000096e+00
2.556305408480000096e+00
0.000000000000000000e+00
6.970163345339999594e+00
2.556305408480000096e+00
0.000000000000000000e+00
2.556305408480000096e+00
2.556305408480000096e+00
0.000000000000000000e+00
2.556305408480000096e+00
2.556305408480000096e+00
0.000000000000000000e+00
2.556305408480000096e+00
2.556305408480000096e+00
1.622384452820000078e+01
8.942436218259999237e+00
0.000000000000000000e+00
0.000000000000000000e+00
0.000000000000000000e+00
0.000000000000000000e+00
0.000000000000000000e+00
2.369583606720000013e+00
2.556305408480000096e+00
2.556305408480000096e+00
0.000000000000000000e+00
2.556305408480000096e+00
2.556305408480000096e+00
0.000000000000000000e+00
0.000000000000000000e+00
2.556305408480000096e+00
2.369583606720000013e+00
2.556305408480000096e+00
2.556305408480000096e+00
8.942436218259999237e+00
0.000000000000000000e+00
0.000000000000000000e+00
2.369583606720000013e+00
0.000000000000000000e+00
0.000000000000000000e+00
0.000000000000000000e+00
0.000000000000000000e+00
8.942436218259999237e+00
0.000000000000000000e+00
0.000000000000000000e+00
0.000000000000000000e+00
2.369583606720000013e+00
0.000000000000000000e+00
9.286561012270000415e-01
6.983347415919999968e+00
0.000000000000000000e+00
0.000000000000000000e+00
0.000000000000000000e+00
2.369583606720000013e+00
0.000000000000000000e+00
0.000000000000000000e+00
0.000000000000000000e+00
0.000000000000000000e+00
0.000000000000000000e+00
0.000000000000000000e+00
0.000000000000000000e+00
0.000000000000000000e+00
0.000000000000000000e+00
0.000000000000000000e+00
0.000000000000000000e+00
0.000000000000000000e+00
0.000000000000000000e+00
0.000000000000000000e+00
0.000000000000000000e+00
0.000000000000000000e+00
0.000000000000000000e+00
0.000000000000000000e+00
0.000000000000000000e+00
0.000000000000000000e+00
0.000000000000000000e+00
0.000000000000000000e+00
0.000000000000000000e+00
0.000000000000000000e+00
0.000000000000000000e+00
0.000000000000000000e+00
0.000000000000000000e+00
0.000000000000000000e+00
0.000000000000000000e+00
0.000000000000000000e+00
0.000000000000000000e+00
0.000000000000000000e+00
0.000000000000000000e+00
0.000000000000000000e+00
0.000000000000000000e+00
0.000000000000000000e+00
