0.000000000000000000e+00
0.000000000000000000e+00
0.000000000000000000e+00
0.000000000000000000e+00
8.305049896239999896e+00
2.613339900969999796e+00
9.988177418710000310e-01
5.454832077029999837e+00
0.000000000000000000e+00
0.000000000000000000e+00
9.988177418710000310e-01
0.000000000000000000e+00
0.000000000000000000e+00
5.638137817379999639e+00
0.000000000000000000e+00
0.000000000000000000e+00
0.000000000000000000e+00
0.000000000000000000e+00
0.000000000000000000e+00
0.000000000000000000e+00
5.454832077029999837e+00
3.985917329789999908e+00
0.000000000000000000e+00
0.000000000000000000e+00
0.000000000000000000e+00
5.638137817379999639e+00
5.454832077029999837e+00
0.000000000000000000e+00
0.000000000000000000e+00
0.000000000000000000e+00
9.988177418710000310e-01
5.454832077029999837e+00
5.638137817379999639e+00
0.000000000000000000e+00
2.146969318390000048e+00
0.000000000000000000e+00
3.663319349290000027e+00
3.663319349290000027e+00
0.000000000000000000e+00
0.000000000000000000e+00
0.000000000000000000e+00
5.638137817379999639e+00
5.638137817379999639e+00
5.454832077029999837e+00
0.000000000000000000e+00
0.000000000000000000e+00
5.638137817379999639e+00
5.454832077029999837e+00
5.454832077029999837e+00
5.454832077029999837e+00
0.000000000000000000e+00
5.454832077029999837e+00
5.454832077029999837e+00
5.454832077029999837e+00
0.000000000000000000e+00
5.454832077029999837e+00
5.638137817379999639e+00
5.454832077029999837e+00
5.454832077029999837e+00
5.454832077029999837e+00
0.000000000000000000e+00
5.454832077029999837e+00
5.454832077029999837e+00
0.000000000000000000e+00
9.988177418710000310e-01
0.000000000000000000e+00
0.000000000000000000e+00
5.638137817379999639e+00
5.638137817379999639e+00
5.638137817379999639e+00
5.638137817379999639e+00
5.454832077029999837e+00
5.454832077029999837e+00
5.060640335080000440e+00
5.638137817379999639e+00
0.000000000000000000e+00
1.621406555180000097e+00
9.988177418710000310e-01
5.454832077029999837e+00
1.289510965350000093e+00
5.454832077029999837e+00
0.000000000000000000e+00
0.000000000000000000e+00
1.621406555180000097e+00
1.289510965350000093e+00
1.289510965350000093e+00
