1.288920521739999936e+00
3.427287816999999848e+00
0.000000000000000000e+00
0.000000000000000000e+00
6.580442786219999896e-01
1.288920521739999936e+00
6.580442786219999896e-01
0.000000000000000000e+00
0.000000000000000000e+00
0.000000000000000000e+00
1.929686069489999989e+00
0.000000000000000000e+00
5.368209838870000361e+00
5.161623001099999719e+00
0.000000000000000000e+00
0.000000000000000000e+00
6.580442786219999896e-01
0.000000000000000000e+00
0.000000000000000000e+00
6.447699069979999642e-01
0.000000000000000000e+00
5.161623001099999719e+00
5.161623001099999719e+00
5.161623001099999719e+00
5.161623001099999719e+00
0.000000000000000000e+00
0.000000000000000000e+00
0.000000000000000000e+00
3.903311252590000002e+00
6.580442786219999896e-01
0.000000000000000000e+00
5.161623001099999719e+00
5.161623001099999719e+00
0.000000000000000000e+00
0.000000000000000000e+00
6.580442786219999896e-01
0.000000000000000000e+00
0.000000000000000000e+00
0.000000000000000000e+00
0.000000000000000000e+00
0.000000000000000000e+00
5.161623001099999719e+00
5.161623001099999719e+00
1.000904679300000044e+00
3.903311252590000002e+00
6.580442786219999896e-01
0.000000000000000000e+00
0.000000000000000000e+00
5.161623001099999719e+00
6.580442786219999896e-01
0.000000000000000000e+00
1.929686069489999989e+00
0.000000000000000000e+00
0.000000000000000000e+00
6.580442786219999896e-01
6.580442786219999896e-01
6.580442786219999896e-01
0.000000000000000000e+00
0.000000000000000000e+00
5.161623001099999719e+00
0.000000000000000000e+00
6.580442786219999896e-01
2.596306800839999873e+00
3.903311252590000002e+00
5.161623001099999719e+00
5.161623001099999719e+00
5.161623001099999719e+00
0.000000000000000000e+00
0.000000000000000000e+00
5.368209838870000361e+00
0.000000000000000000e+00
0.000000000000000000e+00
6.580442786219999896e-01
1.000218987460000042e+00
0.000000000000000000e+00
6.447699069979999642e-01
6.580442786219999896e-01
3.903311252590000002e+00
0.000000000000000000e+00
4.051287174219999621e+00
0.000000000000000000e+00
0.000000000000000000e+00
6.580442786219999896e-01
1.354907393459999998e+00
0.000000000000000000e+00
1.354907393459999998e+00
0.000000000000000000e+00
2.089728355410000127e+00
6.580442786219999896e-01
6.580442786219999896e-01
6.580442786219999896e-01
6.580442786219999896e-01
6.580442786219999896e-01
0.000000000000000000e+00
6.580442786219999896e-01
6.580442786219999896e-01
6.580442786219999896e-01
6.580442786219999896e-01
0.000000000000000000e+00
0.000000000000000000e+00
0.000000000000000000e+00
1.000904679300000044e+00
0.000000000000000000e+00
0.000000000000000000e+00
0.000000000000000000e+00
3.903311252590000002e+00
6.447699069979999642e-01
0.000000000000000000e+00
0.000000000000000000e+00
0.000000000000000000e+00
0.000000000000000000e+00
0.000000000000000000e+00
0.000000000000000000e+00
0.000000000000000000e+00
3.903311252590000002e+00
0.000000000000000000e+00
0.000000000000000000e+00
6.580442786219999896e-01
