3.192344188689999918e+00
0.000000000000000000e+00
9.469114542009999802e-01
3.192344188689999918e+00
2.596306800839999873e+00
2.596306800839999873e+00
3.192344188689999918e+00
2.714298963550000110e+00
2.596306800839999873e+00
0.000000000000000000e+00
2.714298963550000110e+00
0.000000000000000000e+00
0.000000000000000000e+00
0.000000000000000000e+00
0.000000000000000000e+00
0.000000000000000000e+00
3.136100292210000084e+00
0.000000000000000000e+00
6.988116741179999813e+00
0.000000000000000000e+00
0.000000000000000000e+00
0.000000000000000000e+00
0.000000000000000000e+00
0.000000000000000000e+00
6.988116741179999813e+00
9.350256919860000515e-01
6.988116741179999813e+00
4.520331859589999723e+00
2.596306800839999873e+00
0.000000000000000000e+00
4.928546905520000188e+00
6.988116741179999813e+00
3.192344188689999918e+00
0.000000000000000000e+00
