3.100341081619999883e+00
0.000000000000000000e+00
0.000000000000000000e+00
0.000000000000000000e+00
1.893815279010000019e+00
3.115945816039999983e+00
3.115945816039999983e+00
3.115945816039999983e+00
0.000000000000000000e+00
6.703969001769999991e+00
3.115945816039999983e+00
0.000000000000000000e+00
3.115945816039999983e+00
3.115945816039999983e+00
0.000000000000000000e+00
3.115945816039999983e+00
3.115945816039999983e+00
0.000000000000000000e+00
3.115945816039999983e+00
3.115945816039999983e+00
8.497932553289999635e-01
8.899647712709999325e+00
0.000000000000000000e+00
0.000000000000000000e+00
0.000000000000000000e+00
0.000000000000000000e+00
0.000000000000000000e+00
3.122422218320000109e+00
3.115945816039999983e+00
3.115945816039999983e+00
0.000000000000000000e+00
3.115945816039999983e+00
3.115945816039999983e+00
0.000000000000000000e+00
0.000000000000000000e+00
3.115945816039999983e+00
3.122422218320000109e+00
3.115945816039999983e+00
3.115945816039999983e+00
8.899647712709999325e+00
0.000000000000000000e+00
0.000000000000000000e+00
3.122422218320000109e+00
0.000000000000000000e+00
0.000000000000000000e+00
0.000000000000000000e+00
0.000000000000000000e+00
8.899647712709999325e+00
0.000000000000000000e+00
0.000000000000000000e+00
0.000000000000000000e+00
3.122422218320000109e+00
0.000000000000000000e+00
9.286561012270000415e-01
6.922017097470000380e+00
0.000000000000000000e+00
0.000000000000000000e+00
0.000000000000000000e+00
3.122422218320000109e+00
0.000000000000000000e+00
0.000000000000000000e+00
0.000000000000000000e+00
0.000000000000000000e+00
0.000000000000000000e+00
0.000000000000000000e+00
0.000000000000000000e+00
0.000000000000000000e+00
0.000000000000000000e+00
0.000000000000000000e+00
0.000000000000000000e+00
0.000000000000000000e+00
0.000000000000000000e+00
0.000000000000000000e+00
0.000000000000000000e+00
0.000000000000000000e+00
0.000000000000000000e+00
0.000000000000000000e+00
0.000000000000000000e+00
0.000000000000000000e+00
0.000000000000000000e+00
0.000000000000000000e+00
0.000000000000000000e+00
0.000000000000000000e+00
0.000000000000000000e+00
0.000000000000000000e+00
0.000000000000000000e+00
0.000000000000000000e+00
0.000000000000000000e+00
0.000000000000000000e+00
0.000000000000000000e+00
0.000000000000000000e+00
0.000000000000000000e+00
0.000000000000000000e+00
0.000000000000000000e+00
0.000000000000000000e+00
