-1.106141464524458655e+02 6.817775709972231368e+01
9.324372524225995562e+01 3.723253420636559952e+01
-7.782679134740668303e+01 5.560631777834721134e+01
-5.970136812411769967e+01 -3.872750797064352213e+01
6.026817296953838365e+01 3.696086487620164007e+00
1.146418856020888910e+02 -3.727503010772269221e+01
7.056199974674669306e+01 3.986414602357947246e+01
9.259304847172137443e+01 -7.009195890839363585e+01
-1.366450404501778770e+01 9.847123714793179161e+00
8.908331690172865081e+01 3.706613582125071815e+01
-1.629931915035225387e+01 1.773552154194917918e+01
1.394545963919057670e+02 -6.588665562686114185e+01
