0.000000000000000000e+00
0.000000000000000000e+00
0.000000000000000000e+00
0.000000000000000000e+00
0.000000000000000000e+00
1.047978401179999963e+00
6.966388225559999592e-01
0.000000000000000000e+00
2.864678859710000136e+00
0.000000000000000000e+00
6.966388225559999592e-01
4.618133544920000055e+00
0.000000000000000000e+00
0.000000000000000000e+00
1.990954756740000109e+00
0.000000000000000000e+00
2.864678859710000136e+00
2.864678859710000136e+00
1.990954756740000109e+00
0.000000000000000000e+00
0.000000000000000000e+00
0.000000000000000000e+00
1.990954756740000109e+00
0.000000000000000000e+00
3.291214227679999826e+00
0.000000000000000000e+00
0.000000000000000000e+00
5.436835289000000238e+00
4.815566539759999820e+00
1.990954756740000109e+00
6.966388225559999592e-01
0.000000000000000000e+00
0.000000000000000000e+00
0.000000000000000000e+00
7.213063836099999904e-01
0.000000000000000000e+00
0.000000000000000000e+00
0.000000000000000000e+00
0.000000000000000000e+00
0.000000000000000000e+00
0.000000000000000000e+00
0.000000000000000000e+00
0.000000000000000000e+00
0.000000000000000000e+00
4.176196098330000162e+00
0.000000000000000000e+00
0.000000000000000000e+00
0.000000000000000000e+00
0.000000000000000000e+00
0.000000000000000000e+00
0.000000000000000000e+00
0.000000000000000000e+00
0.000000000000000000e+00
0.000000000000000000e+00
0.000000000000000000e+00
0.000000000000000000e+00
0.000000000000000000e+00
0.000000000000000000e+00
0.000000000000000000e+00
0.000000000000000000e+00
0.000000000000000000e+00
0.000000000000000000e+00
0.000000000000000000e+00
0.000000000000000000e+00
6.966388225559999592e-01
0.000000000000000000e+00
0.000000000000000000e+00
0.000000000000000000e+00
0.000000000000000000e+00
0.000000000000000000e+00
0.000000000000000000e+00
0.000000000000000000e+00
0.000000000000000000e+00
0.000000000000000000e+00
0.000000000000000000e+00
0.000000000000000000e+00
0.000000000000000000e+00
6.966388225559999592e-01
0.000000000000000000e+00
0.000000000000000000e+00
0.000000000000000000e+00
0.000000000000000000e+00
0.000000000000000000e+00
0.000000000000000000e+00
0.000000000000000000e+00
0.000000000000000000e+00
