2.450660943980000006e+00
1.221898794169999913e+00
1.221898794169999913e+00
1.214866995810000017e+00
9.078629016879999902e-01
0.000000000000000000e+00
3.665126562120000209e+00
3.665126562120000209e+00
2.366779088970000000e+00
1.221898794169999913e+00
1.221898794169999913e+00
3.625657796860000115e+00
3.665126562120000209e+00
2.450660943980000006e+00
0.000000000000000000e+00
2.450660943980000006e+00
2.077367544169999913e+00
2.450660943980000006e+00
0.000000000000000000e+00
1.350219130519999977e+00
2.077367544169999913e+00
2.077367544169999913e+00
2.077367544169999913e+00
7.855232238770000208e+00
0.000000000000000000e+00
7.855232238770000208e+00
7.855232238770000208e+00
1.221898794169999913e+00
1.221898794169999913e+00
1.221898794169999913e+00
1.228892683980000067e+00
2.077367544169999913e+00
0.000000000000000000e+00
1.704513072969999987e+00
0.000000000000000000e+00
2.077367544169999913e+00
2.077367544169999913e+00
1.221898794169999913e+00
9.078629016879999902e-01
2.077367544169999913e+00
5.839881896969999708e+00
0.000000000000000000e+00
0.000000000000000000e+00
0.000000000000000000e+00
0.000000000000000000e+00
9.078629016879999902e-01
2.077367544169999913e+00
7.855232238770000208e+00
4.109401702879999618e+00
1.221898794169999913e+00
1.221898794169999913e+00
1.221898794169999913e+00
2.077367544169999913e+00
1.228892683980000067e+00
0.000000000000000000e+00
0.000000000000000000e+00
2.077367544169999913e+00
2.077367544169999913e+00
7.855232238770000208e+00
1.221898794169999913e+00
1.221898794169999913e+00
0.000000000000000000e+00
1.221898794169999913e+00
1.704513072969999987e+00
7.090813517570000446e-01
2.077367544169999913e+00
1.800740838050000070e+00
0.000000000000000000e+00
0.000000000000000000e+00
1.350219130519999977e+00
9.078629016879999902e-01
5.839881896969999708e+00
1.235841393470000105e+00
1.228892683980000067e+00
2.366779088970000000e+00
0.000000000000000000e+00
2.077367544169999913e+00
6.966388225559999592e-01
1.221898794169999913e+00
1.815713405609999942e+00
0.000000000000000000e+00
1.350219130519999977e+00
1.815713405609999942e+00
1.221898794169999913e+00
1.221898794169999913e+00
2.077367544169999913e+00
0.000000000000000000e+00
5.839881896969999708e+00
1.221898794169999913e+00
1.228892683980000067e+00
0.000000000000000000e+00
1.350219130519999977e+00
4.510788440699999846e+00
0.000000000000000000e+00
2.077367544169999913e+00
1.684008598329999939e+00
1.207805871959999999e+00
0.000000000000000000e+00
2.077367544169999913e+00
7.855232238770000208e+00
3.079760789869999904e+00
1.214866995810000017e+00
0.000000000000000000e+00
1.221898794169999913e+00
0.000000000000000000e+00
9.078629016879999902e-01
9.003770351409999817e-01
1.800740838050000070e+00
0.000000000000000000e+00
0.000000000000000000e+00
3.079760789869999904e+00
1.815713405609999942e+00
1.350219130519999977e+00
0.000000000000000000e+00
9.078629016879999902e-01
9.078629016879999902e-01
1.800740838050000070e+00
1.221898794169999913e+00
1.350219130519999977e+00
1.800740838050000070e+00
0.000000000000000000e+00
0.000000000000000000e+00
0.000000000000000000e+00
1.350219130519999977e+00
0.000000000000000000e+00
6.839826107030000379e-01
8.058326721189999375e+00
0.000000000000000000e+00
1.975343894959999957e+01
1.815713405609999942e+00
9.078629016879999902e-01
0.000000000000000000e+00
0.000000000000000000e+00
0.000000000000000000e+00
0.000000000000000000e+00
7.163707256320000383e+00
7.213063836099999904e-01
2.077367544169999913e+00
9.712975502009999929e+00
0.000000000000000000e+00
0.000000000000000000e+00
3.598162531849999901e-01
0.000000000000000000e+00
9.078629016879999902e-01
3.598162531849999901e-01
0.000000000000000000e+00
0.000000000000000000e+00
0.000000000000000000e+00
0.000000000000000000e+00
0.000000000000000000e+00
3.598162531849999901e-01
0.000000000000000000e+00
0.000000000000000000e+00
0.000000000000000000e+00
1.214866995810000017e+00
7.163707256320000383e+00
7.163707256320000383e+00
3.598162531849999901e-01
0.000000000000000000e+00
0.000000000000000000e+00
0.000000000000000000e+00
0.000000000000000000e+00
0.000000000000000000e+00
0.000000000000000000e+00
7.163707256320000383e+00
