2.918615341190000212e+00
1.221898794169999913e+00
1.221898794169999913e+00
1.214866995810000017e+00
0.000000000000000000e+00
0.000000000000000000e+00
4.015029907229999750e+00
4.015029907229999750e+00
2.945220232010000050e+00
1.221898794169999913e+00
1.221898794169999913e+00
0.000000000000000000e+00
4.015029907229999750e+00
2.918615341190000212e+00
0.000000000000000000e+00
2.918615341190000212e+00
0.000000000000000000e+00
2.918615341190000212e+00
0.000000000000000000e+00
0.000000000000000000e+00
0.000000000000000000e+00
0.000000000000000000e+00
0.000000000000000000e+00
0.000000000000000000e+00
1.674053430560000111e+00
0.000000000000000000e+00
0.000000000000000000e+00
1.221898794169999913e+00
1.221898794169999913e+00
1.221898794169999913e+00
1.744870543480000036e+00
0.000000000000000000e+00
0.000000000000000000e+00
1.704513072969999987e+00
0.000000000000000000e+00
0.000000000000000000e+00
0.000000000000000000e+00
1.221898794169999913e+00
0.000000000000000000e+00
0.000000000000000000e+00
0.000000000000000000e+00
0.000000000000000000e+00
0.000000000000000000e+00
0.000000000000000000e+00
0.000000000000000000e+00
0.000000000000000000e+00
0.000000000000000000e+00
0.000000000000000000e+00
4.618133544920000055e+00
1.221898794169999913e+00
1.221898794169999913e+00
1.221898794169999913e+00
0.000000000000000000e+00
1.744870543480000036e+00
0.000000000000000000e+00
0.000000000000000000e+00
0.000000000000000000e+00
0.000000000000000000e+00
0.000000000000000000e+00
1.221898794169999913e+00
1.221898794169999913e+00
0.000000000000000000e+00
1.221898794169999913e+00
1.704513072969999987e+00
7.090813517570000446e-01
0.000000000000000000e+00
0.000000000000000000e+00
0.000000000000000000e+00
0.000000000000000000e+00
0.000000000000000000e+00
0.000000000000000000e+00
0.000000000000000000e+00
1.764690399170000035e+00
1.744870543480000036e+00
2.945220232010000050e+00
0.000000000000000000e+00
0.000000000000000000e+00
6.966388225559999592e-01
1.221898794169999913e+00
0.000000000000000000e+00
0.000000000000000000e+00
0.000000000000000000e+00
0.000000000000000000e+00
1.221898794169999913e+00
1.221898794169999913e+00
0.000000000000000000e+00
0.000000000000000000e+00
0.000000000000000000e+00
1.221898794169999913e+00
1.744870543480000036e+00
0.000000000000000000e+00
0.000000000000000000e+00
4.563396453860000257e+00
0.000000000000000000e+00
0.000000000000000000e+00
2.113262414929999888e+00
1.684008598329999939e+00
0.000000000000000000e+00
0.000000000000000000e+00
0.000000000000000000e+00
6.368288040160000385e+00
1.214866995810000017e+00
0.000000000000000000e+00
1.221898794169999913e+00
0.000000000000000000e+00
0.000000000000000000e+00
0.000000000000000000e+00
0.000000000000000000e+00
7.196086645129999848e-01
0.000000000000000000e+00
6.368288040160000385e+00
0.000000000000000000e+00
0.000000000000000000e+00
0.000000000000000000e+00
0.000000000000000000e+00
0.000000000000000000e+00
0.000000000000000000e+00
1.221898794169999913e+00
0.000000000000000000e+00
0.000000000000000000e+00
0.000000000000000000e+00
0.000000000000000000e+00
0.000000000000000000e+00
0.000000000000000000e+00
0.000000000000000000e+00
9.996944665910000305e-01
0.000000000000000000e+00
0.000000000000000000e+00
0.000000000000000000e+00
0.000000000000000000e+00
0.000000000000000000e+00
6.711164712910000496e-01
0.000000000000000000e+00
0.000000000000000000e+00
0.000000000000000000e+00
0.000000000000000000e+00
1.235841393470000105e+00
0.000000000000000000e+00
0.000000000000000000e+00
1.803534507750000015e+00
0.000000000000000000e+00
3.598162531849999901e-01
0.000000000000000000e+00
0.000000000000000000e+00
3.598162531849999901e-01
0.000000000000000000e+00
0.000000000000000000e+00
0.000000000000000000e+00
6.839826107030000379e-01
6.711164712910000496e-01
3.598162531849999901e-01
0.000000000000000000e+00
7.196086645129999848e-01
0.000000000000000000e+00
1.214866995810000017e+00
0.000000000000000000e+00
0.000000000000000000e+00
3.598162531849999901e-01
0.000000000000000000e+00
0.000000000000000000e+00
0.000000000000000000e+00
0.000000000000000000e+00
7.196086645129999848e-01
0.000000000000000000e+00
0.000000000000000000e+00
