0.000000000000000000e+00
2.134438753129999977e+00
6.966388225559999592e-01
0.000000000000000000e+00
0.000000000000000000e+00
0.000000000000000000e+00
0.000000000000000000e+00
0.000000000000000000e+00
0.000000000000000000e+00
0.000000000000000000e+00
2.714298963550000110e+00
0.000000000000000000e+00
1.548587894439999957e+01
1.354094982149999993e+01
0.000000000000000000e+00
0.000000000000000000e+00
0.000000000000000000e+00
0.000000000000000000e+00
0.000000000000000000e+00
0.000000000000000000e+00
0.000000000000000000e+00
1.354094982149999993e+01
1.354094982149999993e+01
1.354094982149999993e+01
1.354094982149999993e+01
0.000000000000000000e+00
0.000000000000000000e+00
0.000000000000000000e+00
2.134438753129999977e+00
0.000000000000000000e+00
0.000000000000000000e+00
1.373748970029999938e+01
1.354094982149999993e+01
0.000000000000000000e+00
0.000000000000000000e+00
0.000000000000000000e+00
0.000000000000000000e+00
0.000000000000000000e+00
0.000000000000000000e+00
0.000000000000000000e+00
0.000000000000000000e+00
1.354094982149999993e+01
1.373748970029999938e+01
0.000000000000000000e+00
2.134438753129999977e+00
0.000000000000000000e+00
0.000000000000000000e+00
0.000000000000000000e+00
1.354094982149999993e+01
0.000000000000000000e+00
0.000000000000000000e+00
0.000000000000000000e+00
0.000000000000000000e+00
0.000000000000000000e+00
0.000000000000000000e+00
0.000000000000000000e+00
0.000000000000000000e+00
0.000000000000000000e+00
0.000000000000000000e+00
1.354094982149999993e+01
0.000000000000000000e+00
0.000000000000000000e+00
2.123983144759999941e+00
2.134438753129999977e+00
1.373748970029999938e+01
1.354094982149999993e+01
1.354094982149999993e+01
0.000000000000000000e+00
0.000000000000000000e+00
1.548587894439999957e+01
0.000000000000000000e+00
0.000000000000000000e+00
0.000000000000000000e+00
0.000000000000000000e+00
0.000000000000000000e+00
0.000000000000000000e+00
0.000000000000000000e+00
2.134438753129999977e+00
0.000000000000000000e+00
1.388077831270000040e+01
0.000000000000000000e+00
0.000000000000000000e+00
0.000000000000000000e+00
9.319656372069999861e+00
0.000000000000000000e+00
9.319656372069999861e+00
0.000000000000000000e+00
9.319656372069999861e+00
0.000000000000000000e+00
0.000000000000000000e+00
0.000000000000000000e+00
0.000000000000000000e+00
0.000000000000000000e+00
0.000000000000000000e+00
0.000000000000000000e+00
0.000000000000000000e+00
0.000000000000000000e+00
0.000000000000000000e+00
0.000000000000000000e+00
0.000000000000000000e+00
0.000000000000000000e+00
0.000000000000000000e+00
9.991675615309999481e-01
0.000000000000000000e+00
0.000000000000000000e+00
2.134438753129999977e+00
0.000000000000000000e+00
0.000000000000000000e+00
0.000000000000000000e+00
0.000000000000000000e+00
0.000000000000000000e+00
0.000000000000000000e+00
0.000000000000000000e+00
0.000000000000000000e+00
2.134438753129999977e+00
0.000000000000000000e+00
0.000000000000000000e+00
0.000000000000000000e+00
