0.000000000000000000e+00
0.000000000000000000e+00
0.000000000000000000e+00
0.000000000000000000e+00
0.000000000000000000e+00
0.000000000000000000e+00
0.000000000000000000e+00
0.000000000000000000e+00
0.000000000000000000e+00
0.000000000000000000e+00
0.000000000000000000e+00
0.000000000000000000e+00
0.000000000000000000e+00
0.000000000000000000e+00
0.000000000000000000e+00
0.000000000000000000e+00
0.000000000000000000e+00
0.000000000000000000e+00
0.000000000000000000e+00
0.000000000000000000e+00
0.000000000000000000e+00
0.000000000000000000e+00
2.599186003210000040e-01
0.000000000000000000e+00
0.000000000000000000e+00
0.000000000000000000e+00
0.000000000000000000e+00
0.000000000000000000e+00
0.000000000000000000e+00
7.333104014400000370e-01
1.124875831599999998e+01
0.000000000000000000e+00
0.000000000000000000e+00
0.000000000000000000e+00
0.000000000000000000e+00
0.000000000000000000e+00
0.000000000000000000e+00
0.000000000000000000e+00
0.000000000000000000e+00
0.000000000000000000e+00
1.242736935619999983e+00
1.993245363240000012e+00
0.000000000000000000e+00
1.242736935619999983e+00
1.242736935619999983e+00
0.000000000000000000e+00
0.000000000000000000e+00
1.242736935619999983e+00
0.000000000000000000e+00
0.000000000000000000e+00
1.124875831599999998e+01
0.000000000000000000e+00
0.000000000000000000e+00
7.333104014400000370e-01
0.000000000000000000e+00
6.371246814730000096e+00
0.000000000000000000e+00
0.000000000000000000e+00
0.000000000000000000e+00
0.000000000000000000e+00
0.000000000000000000e+00
0.000000000000000000e+00
0.000000000000000000e+00
6.371246814730000096e+00
0.000000000000000000e+00
0.000000000000000000e+00
