0.000000000000000000e+00
9.411114454269999818e-01
0.000000000000000000e+00
0.000000000000000000e+00
0.000000000000000000e+00
0.000000000000000000e+00
0.000000000000000000e+00
0.000000000000000000e+00
0.000000000000000000e+00
0.000000000000000000e+00
1.359429478650000078e+00
0.000000000000000000e+00
1.410561943050000089e+01
1.150944900510000046e+01
0.000000000000000000e+00
0.000000000000000000e+00
0.000000000000000000e+00
0.000000000000000000e+00
0.000000000000000000e+00
0.000000000000000000e+00
0.000000000000000000e+00
1.150944900510000046e+01
1.150944900510000046e+01
1.150944900510000046e+01
1.150944900510000046e+01
0.000000000000000000e+00
0.000000000000000000e+00
0.000000000000000000e+00
9.411114454269999818e-01
0.000000000000000000e+00
0.000000000000000000e+00
1.198810005190000005e+01
1.150944900510000046e+01
0.000000000000000000e+00
0.000000000000000000e+00
0.000000000000000000e+00
0.000000000000000000e+00
0.000000000000000000e+00
0.000000000000000000e+00
0.000000000000000000e+00
0.000000000000000000e+00
1.150944900510000046e+01
1.198810005190000005e+01
0.000000000000000000e+00
9.411114454269999818e-01
0.000000000000000000e+00
0.000000000000000000e+00
0.000000000000000000e+00
1.150944900510000046e+01
0.000000000000000000e+00
0.000000000000000000e+00
0.000000000000000000e+00
0.000000000000000000e+00
0.000000000000000000e+00
0.000000000000000000e+00
0.000000000000000000e+00
0.000000000000000000e+00
0.000000000000000000e+00
0.000000000000000000e+00
1.150944900510000046e+01
0.000000000000000000e+00
0.000000000000000000e+00
9.350256919860000515e-01
9.411114454269999818e-01
1.198810005190000005e+01
1.150944900510000046e+01
1.150944900510000046e+01
0.000000000000000000e+00
0.000000000000000000e+00
1.410561943050000089e+01
0.000000000000000000e+00
0.000000000000000000e+00
0.000000000000000000e+00
0.000000000000000000e+00
0.000000000000000000e+00
0.000000000000000000e+00
0.000000000000000000e+00
9.411114454269999818e-01
0.000000000000000000e+00
1.246856403349999987e+01
0.000000000000000000e+00
0.000000000000000000e+00
0.000000000000000000e+00
7.804684162140000048e+00
0.000000000000000000e+00
7.804684162140000048e+00
0.000000000000000000e+00
7.804684162140000048e+00
0.000000000000000000e+00
0.000000000000000000e+00
0.000000000000000000e+00
0.000000000000000000e+00
0.000000000000000000e+00
0.000000000000000000e+00
0.000000000000000000e+00
0.000000000000000000e+00
0.000000000000000000e+00
0.000000000000000000e+00
0.000000000000000000e+00
0.000000000000000000e+00
0.000000000000000000e+00
0.000000000000000000e+00
0.000000000000000000e+00
0.000000000000000000e+00
0.000000000000000000e+00
9.411114454269999818e-01
0.000000000000000000e+00
0.000000000000000000e+00
0.000000000000000000e+00
0.000000000000000000e+00
0.000000000000000000e+00
0.000000000000000000e+00
0.000000000000000000e+00
0.000000000000000000e+00
9.411114454269999818e-01
0.000000000000000000e+00
0.000000000000000000e+00
0.000000000000000000e+00
