0.000000000000000000e+00
0.000000000000000000e+00
0.000000000000000000e+00
0.000000000000000000e+00
0.000000000000000000e+00
0.000000000000000000e+00
0.000000000000000000e+00
0.000000000000000000e+00
0.000000000000000000e+00
2.980794191359999790e+00
0.000000000000000000e+00
0.000000000000000000e+00
0.000000000000000000e+00
0.000000000000000000e+00
0.000000000000000000e+00
0.000000000000000000e+00
0.000000000000000000e+00
0.000000000000000000e+00
0.000000000000000000e+00
0.000000000000000000e+00
0.000000000000000000e+00
0.000000000000000000e+00
3.891187429429999955e+00
0.000000000000000000e+00
0.000000000000000000e+00
0.000000000000000000e+00
0.000000000000000000e+00
0.000000000000000000e+00
0.000000000000000000e+00
1.242736935619999983e+00
1.182829761510000033e+01
0.000000000000000000e+00
0.000000000000000000e+00
0.000000000000000000e+00
0.000000000000000000e+00
0.000000000000000000e+00
0.000000000000000000e+00
9.991675615309999481e-01
0.000000000000000000e+00
0.000000000000000000e+00
1.784250020980000073e+00
2.665024995800000074e+00
0.000000000000000000e+00
1.784250020980000073e+00
1.784250020980000073e+00
0.000000000000000000e+00
0.000000000000000000e+00
1.784250020980000073e+00
0.000000000000000000e+00
0.000000000000000000e+00
1.182829761510000033e+01
0.000000000000000000e+00
0.000000000000000000e+00
1.242736935619999983e+00
0.000000000000000000e+00
7.684112071989999571e+00
0.000000000000000000e+00
7.450897097590000184e-01
0.000000000000000000e+00
0.000000000000000000e+00
0.000000000000000000e+00
0.000000000000000000e+00
0.000000000000000000e+00
7.684112071989999571e+00
0.000000000000000000e+00
0.000000000000000000e+00
