3.701182603839999974e+00
3.701182603839999974e+00
0.000000000000000000e+00
0.000000000000000000e+00
2.671220302580000094e+00
0.000000000000000000e+00
2.671220302580000094e+00
0.000000000000000000e+00
0.000000000000000000e+00
2.626039087770000169e-01
0.000000000000000000e+00
0.000000000000000000e+00
1.750802993770000093e-01
0.000000000000000000e+00
0.000000000000000000e+00
0.000000000000000000e+00
0.000000000000000000e+00
0.000000000000000000e+00
0.000000000000000000e+00
2.945220232010000050e+00
0.000000000000000000e+00
0.000000000000000000e+00
0.000000000000000000e+00
0.000000000000000000e+00
8.754346519710000385e-02
0.000000000000000000e+00
7.213063836099999904e-01
0.000000000000000000e+00
8.754346519710000385e-02
2.087437629700000130e+00
0.000000000000000000e+00
0.000000000000000000e+00
0.000000000000000000e+00
0.000000000000000000e+00
0.000000000000000000e+00
0.000000000000000000e+00
0.000000000000000000e+00
0.000000000000000000e+00
0.000000000000000000e+00
0.000000000000000000e+00
0.000000000000000000e+00
0.000000000000000000e+00
0.000000000000000000e+00
0.000000000000000000e+00
0.000000000000000000e+00
0.000000000000000000e+00
0.000000000000000000e+00
0.000000000000000000e+00
2.626039087770000169e-01
0.000000000000000000e+00
0.000000000000000000e+00
0.000000000000000000e+00
7.213063836099999904e-01
2.626039087770000169e-01
0.000000000000000000e+00
0.000000000000000000e+00
0.000000000000000000e+00
0.000000000000000000e+00
0.000000000000000000e+00
6.580442786219999896e-01
0.000000000000000000e+00
9.423204064369999911e-01
0.000000000000000000e+00
0.000000000000000000e+00
0.000000000000000000e+00
0.000000000000000000e+00
0.000000000000000000e+00
