0.000000000000000000e+00
2.102396935220000040e-01
0.000000000000000000e+00
0.000000000000000000e+00
0.000000000000000000e+00
0.000000000000000000e+00
0.000000000000000000e+00
2.872919082640000177e+00
0.000000000000000000e+00
6.966388225559999592e-01
2.872919082640000177e+00
0.000000000000000000e+00
0.000000000000000000e+00
0.000000000000000000e+00
6.839826107030000379e-01
0.000000000000000000e+00
0.000000000000000000e+00
0.000000000000000000e+00
2.013236522670000195e+00
0.000000000000000000e+00
0.000000000000000000e+00
0.000000000000000000e+00
0.000000000000000000e+00
0.000000000000000000e+00
2.013236522670000195e+00
1.943138003350000087e+00
2.013236522670000195e+00
0.000000000000000000e+00
0.000000000000000000e+00
0.000000000000000000e+00
0.000000000000000000e+00
2.013236522670000195e+00
0.000000000000000000e+00
1.985849380489999927e+00
