3.321512460710000170e+00
1.724805951120000014e+00
1.724805951120000014e+00
1.704513072969999987e+00
2.723539113999999817e+00
7.090813517570000446e-01
4.527597427369999927e+00
4.527597427369999927e+00
2.945220232010000050e+00
1.724805951120000014e+00
1.724805951120000014e+00
4.680708885189999613e+00
4.527597427369999927e+00
3.321512460710000170e+00
7.090813517570000446e-01
3.321512460710000170e+00
3.779452085490000002e+00
3.321512460710000170e+00
0.000000000000000000e+00
2.910197734830000105e+00
3.779452085490000002e+00
3.779452085490000002e+00
3.779452085490000002e+00
8.927113533019999991e+00
0.000000000000000000e+00
8.927113533019999991e+00
8.927113533019999991e+00
1.724805951120000014e+00
1.724805951120000014e+00
1.724805951120000014e+00
2.124647378920000218e+00
3.779452085490000002e+00
0.000000000000000000e+00
2.299466848369999816e+00
0.000000000000000000e+00
3.779452085490000002e+00
3.779452085490000002e+00
1.724805951120000014e+00
2.723539113999999817e+00
3.779452085490000002e+00
7.585294246670000184e+00
0.000000000000000000e+00
0.000000000000000000e+00
0.000000000000000000e+00
0.000000000000000000e+00
2.723539113999999817e+00
3.779452085490000002e+00
8.927113533019999991e+00
4.900195121770000384e+00
1.724805951120000014e+00
1.724805951120000014e+00
1.724805951120000014e+00
3.779452085490000002e+00
2.124647378920000218e+00
0.000000000000000000e+00
0.000000000000000000e+00
3.779452085490000002e+00
3.779452085490000002e+00
8.927113533019999991e+00
1.724805951120000014e+00
1.724805951120000014e+00
0.000000000000000000e+00
1.724805951120000014e+00
2.299466848369999816e+00
1.228892683980000067e+00
3.779452085490000002e+00
3.601376295090000124e+00
0.000000000000000000e+00
0.000000000000000000e+00
2.910197734830000105e+00
2.723539113999999817e+00
7.585294246670000184e+00
1.764690399170000035e+00
2.124647378920000218e+00
2.945220232010000050e+00
7.090813517570000446e-01
3.779452085490000002e+00
1.221898794169999913e+00
1.724805951120000014e+00
3.631328105930000216e+00
0.000000000000000000e+00
2.910197734830000105e+00
3.631328105930000216e+00
1.724805951120000014e+00
1.724805951120000014e+00
3.779452085490000002e+00
0.000000000000000000e+00
7.585294246670000184e+00
1.724805951120000014e+00
2.124647378920000218e+00
0.000000000000000000e+00
2.910197734830000105e+00
5.111342906950000042e+00
0.000000000000000000e+00
3.779452085490000002e+00
2.265122652050000074e+00
1.684008598329999939e+00
0.000000000000000000e+00
3.779452085490000002e+00
8.927113533019999991e+00
3.665126562120000209e+00
1.704513072969999987e+00
0.000000000000000000e+00
1.724805951120000014e+00
0.000000000000000000e+00
2.723539113999999817e+00
2.701078414920000004e+00
3.601376295090000124e+00
1.003242611889999969e+00
0.000000000000000000e+00
3.665126562120000209e+00
3.631328105930000216e+00
2.910197734830000105e+00
0.000000000000000000e+00
2.723539113999999817e+00
2.723539113999999817e+00
3.601376295090000124e+00
1.724805951120000014e+00
2.910197734830000105e+00
3.601376295090000124e+00
0.000000000000000000e+00
0.000000000000000000e+00
0.000000000000000000e+00
2.910197734830000105e+00
0.000000000000000000e+00
1.214866995810000017e+00
8.938824653630000228e+00
0.000000000000000000e+00
2.106773567200000130e+01
3.631328105930000216e+00
2.723539113999999817e+00
6.711164712910000496e-01
0.000000000000000000e+00
0.000000000000000000e+00
0.000000000000000000e+00
8.109272956850000824e+00
1.235841393470000105e+00
3.779452085490000002e+00
1.085434722900000004e+01
0.000000000000000000e+00
0.000000000000000000e+00
1.063046813009999925e+00
0.000000000000000000e+00
2.723539113999999817e+00
1.063046813009999925e+00
0.000000000000000000e+00
0.000000000000000000e+00
0.000000000000000000e+00
6.839826107030000379e-01
6.711164712910000496e-01
1.063046813009999925e+00
0.000000000000000000e+00
1.003242611889999969e+00
0.000000000000000000e+00
1.704513072969999987e+00
8.109272956850000824e+00
8.109272956850000824e+00
1.063046813009999925e+00
0.000000000000000000e+00
0.000000000000000000e+00
0.000000000000000000e+00
0.000000000000000000e+00
1.003242611889999969e+00
0.000000000000000000e+00
8.109272956850000824e+00
