0.000000000000000000e+00
3.850241601470000274e-01
0.000000000000000000e+00
0.000000000000000000e+00
0.000000000000000000e+00
0.000000000000000000e+00
0.000000000000000000e+00
3.830529451369999894e+00
0.000000000000000000e+00
1.704513072969999987e+00
3.830529451369999894e+00
0.000000000000000000e+00
0.000000000000000000e+00
0.000000000000000000e+00
1.684008598329999939e+00
0.000000000000000000e+00
0.000000000000000000e+00
0.000000000000000000e+00
2.684183597560000134e+00
0.000000000000000000e+00
0.000000000000000000e+00
0.000000000000000000e+00
0.000000000000000000e+00
0.000000000000000000e+00
2.684183597560000134e+00
2.914696455000000075e+00
2.684183597560000134e+00
0.000000000000000000e+00
0.000000000000000000e+00
0.000000000000000000e+00
0.000000000000000000e+00
2.684183597560000134e+00
0.000000000000000000e+00
2.295848131180000085e+00
