0.000000000000000000e+00
0.000000000000000000e+00
0.000000000000000000e+00
0.000000000000000000e+00
0.000000000000000000e+00
3.149452805519999954e-01
0.000000000000000000e+00
0.000000000000000000e+00
0.000000000000000000e+00
6.997920870780000024e-01
0.000000000000000000e+00
0.000000000000000000e+00
7.870974540709999578e-01
0.000000000000000000e+00
0.000000000000000000e+00
6.997920870780000024e-01
6.997920870780000024e-01
0.000000000000000000e+00
0.000000000000000000e+00
0.000000000000000000e+00
6.997920870780000024e-01
0.000000000000000000e+00
0.000000000000000000e+00
0.000000000000000000e+00
7.870974540709999578e-01
0.000000000000000000e+00
0.000000000000000000e+00
6.997920870780000024e-01
7.870974540709999578e-01
0.000000000000000000e+00
0.000000000000000000e+00
0.000000000000000000e+00
0.000000000000000000e+00
0.000000000000000000e+00
0.000000000000000000e+00
0.000000000000000000e+00
0.000000000000000000e+00
0.000000000000000000e+00
0.000000000000000000e+00
0.000000000000000000e+00
0.000000000000000000e+00
0.000000000000000000e+00
0.000000000000000000e+00
0.000000000000000000e+00
0.000000000000000000e+00
0.000000000000000000e+00
0.000000000000000000e+00
0.000000000000000000e+00
6.997920870780000024e-01
0.000000000000000000e+00
0.000000000000000000e+00
0.000000000000000000e+00
0.000000000000000000e+00
6.997920870780000024e-01
0.000000000000000000e+00
0.000000000000000000e+00
0.000000000000000000e+00
0.000000000000000000e+00
0.000000000000000000e+00
6.580442786219999896e-01
6.997920870780000024e-01
1.571214795110000007e-01
0.000000000000000000e+00
0.000000000000000000e+00
0.000000000000000000e+00
0.000000000000000000e+00
0.000000000000000000e+00
