0.000000000000000000e+00
0.000000000000000000e+00
0.000000000000000000e+00
0.000000000000000000e+00
1.301502227779999998e+01
0.000000000000000000e+00
1.221898794169999913e+00
1.727136254309999952e+00
3.388017177580000094e+00
0.000000000000000000e+00
1.221898794169999913e+00
4.900195121770000384e+00
0.000000000000000000e+00
2.023404121400000033e+00
7.214809417719999729e+00
0.000000000000000000e+00
3.388017177580000094e+00
3.388017177580000094e+00
7.214809417719999729e+00
0.000000000000000000e+00
1.727136254309999952e+00
1.055935764310000025e+01
7.214809417719999729e+00
0.000000000000000000e+00
3.346797704700000153e+00
2.023404121400000033e+00
1.727136254309999952e+00
2.891759395599999838e+00
4.987637043000000325e+00
7.214809417719999729e+00
1.221898794169999913e+00
2.693225145340000015e+00
2.023404121400000033e+00
0.000000000000000000e+00
9.991675615309999481e-01
6.966388225559999592e-01
1.011654567719999953e+01
1.011654567719999953e+01
0.000000000000000000e+00
0.000000000000000000e+00
0.000000000000000000e+00
2.023404121400000033e+00
2.023404121400000033e+00
1.727136254309999952e+00
9.993430972100000309e-01
0.000000000000000000e+00
2.023404121400000033e+00
2.023404121400000033e+00
2.023404121400000033e+00
1.727136254309999952e+00
0.000000000000000000e+00
2.023404121400000033e+00
2.023404121400000033e+00
1.727136254309999952e+00
6.966388225559999592e-01
2.023404121400000033e+00
2.693225145340000015e+00
2.023404121400000033e+00
2.023404121400000033e+00
2.693225145340000015e+00
0.000000000000000000e+00
1.727136254309999952e+00
1.727136254309999952e+00
6.966388225559999592e-01
1.221898794169999913e+00
0.000000000000000000e+00
0.000000000000000000e+00
2.023404121400000033e+00
2.023404121400000033e+00
2.023404121400000033e+00
2.023404121400000033e+00
2.023404121400000033e+00
1.727136254309999952e+00
1.727136254309999952e+00
2.023404121400000033e+00
0.000000000000000000e+00
1.862298011780000095e+01
1.221898794169999913e+00
1.727136254309999952e+00
1.955025672909999912e+01
2.023404121400000033e+00
0.000000000000000000e+00
0.000000000000000000e+00
1.862298011780000095e+01
1.955025672909999912e+01
1.955025672909999912e+01
