0.000000000000000000e+00
0.000000000000000000e+00
0.000000000000000000e+00
0.000000000000000000e+00
1.234956836699999982e+01
0.000000000000000000e+00
6.966388225559999592e-01
1.225052595139999978e+00
2.864678859710000136e+00
0.000000000000000000e+00
6.966388225559999592e-01
4.527597427369999927e+00
0.000000000000000000e+00
1.455490469929999975e+00
6.259719371800000154e+00
0.000000000000000000e+00
2.864678859710000136e+00
2.864678859710000136e+00
6.259719371800000154e+00
0.000000000000000000e+00
1.225052595139999978e+00
9.988043785100000349e+00
6.259719371800000154e+00
0.000000000000000000e+00
2.837400674820000024e+00
1.455490469929999975e+00
1.225052595139999978e+00
2.436630249019999805e+00
4.424261093140000156e+00
6.259719371800000154e+00
6.966388225559999592e-01
2.277714490890000221e+00
1.455490469929999975e+00
0.000000000000000000e+00
7.213063836099999904e-01
0.000000000000000000e+00
9.510077476499999349e+00
9.510077476499999349e+00
0.000000000000000000e+00
0.000000000000000000e+00
0.000000000000000000e+00
1.455490469929999975e+00
1.455490469929999975e+00
1.225052595139999978e+00
9.993430972100000309e-01
0.000000000000000000e+00
1.455490469929999975e+00
1.455490469929999975e+00
1.455490469929999975e+00
1.225052595139999978e+00
0.000000000000000000e+00
1.455490469929999975e+00
1.455490469929999975e+00
1.225052595139999978e+00
0.000000000000000000e+00
1.455490469929999975e+00
2.277714490890000221e+00
1.455490469929999975e+00
1.455490469929999975e+00
2.277714490890000221e+00
0.000000000000000000e+00
1.225052595139999978e+00
1.225052595139999978e+00
0.000000000000000000e+00
6.966388225559999592e-01
0.000000000000000000e+00
0.000000000000000000e+00
1.455490469929999975e+00
1.455490469929999975e+00
1.455490469929999975e+00
1.455490469929999975e+00
1.455490469929999975e+00
1.225052595139999978e+00
1.225052595139999978e+00
1.455490469929999975e+00
0.000000000000000000e+00
1.818423652650000122e+01
6.966388225559999592e-01
1.225052595139999978e+00
1.912196350099999975e+01
1.455490469929999975e+00
0.000000000000000000e+00
0.000000000000000000e+00
1.818423652650000122e+01
1.912196350099999975e+01
1.912196350099999975e+01
