-9.948572481670787226e+00 1.631756395004801163e+01
1.646029995663977630e+01 -9.251140667906213366e+00
1.068598255118876637e+02 -4.937424336025328131e+01
-5.815642619827826820e+01 5.227958995506874373e+01
3.439572630486233606e+01 4.576100423707544707e+01
-3.663466195719153262e+01 -1.168688270228320647e+01
6.295280244121041591e+01 4.053465713827789330e+01
-4.838854568836377013e+01 6.419771789817795593e+01
-8.971810415898339386e+01 4.099000830882022939e+01
2.300034298240269948e+01 -3.100122593529724568e+01
7.787768617074006272e+01 4.337630558710330320e+01
1.442422490108616557e+02 -7.331205082176042254e+01
