1.207864896168888862e+02 6.804523228688394454e+01
1.877077596672998538e+01 -5.074450511660761265e+01
-2.502178334833838136e+01 -3.677914132827709182e+01
4.293752375363791174e+01 5.893043118331473806e+01
-1.467946029306569642e+02 7.784767368092531115e+01
-3.096306003038325727e+01 -1.403708493251125411e+01
-6.398883988299294501e+00 9.561902519133075984e+00
-4.172197019777310345e+01 2.286851031110571597e+01
1.404106232685154794e+02 4.640312285863917907e+01
4.786359745616018402e-01 -5.648550601690934592e+00
1.571362108256013634e+01 -2.410284846635788725e+01
1.096701328287998649e+02 8.007215045268982578e+01
7.688829767737905740e+01 -3.982061651774131406e+01
1.190498316549034996e+02 5.389507469307019960e+01
1.027207982397497688e+02 8.006175523402455951e+01
2.487707827750649869e+01 -6.216679844269929589e+01
-3.421452678458447849e+01 -1.358293472617179987e+01
-1.584672540989354061e+01 -2.570331418569723070e+01
-2.525868273174686962e+01 1.232633590544108237e+01
1.254576268249233806e+01 -1.802983186813445116e+01
-2.094662026555671375e+01 -2.931577852356052816e+01
8.023634824389574760e+00 -5.106255612234741648e+01
-2.711044652876551098e+01 2.332396202559939979e+01
-5.289730609432982789e+01 4.452785485231309792e+01
1.447227522458046423e+01 -2.603113445786312141e+01
-3.577414966301007837e+01 2.471601742876999452e+01
1.460089801221304526e+02 5.104354079419736934e+01
1.416889399158211233e+02 4.113857255458202644e+01
-1.075651728869657298e+01 1.184306425969352361e+01
1.694170643423064249e+01 -5.892011102243983345e+01
3.006843711135047670e+01 -2.688890888540138491e+01
-3.702534264650722218e+00 3.523229165948496444e+01
1.299082500403547513e+01 3.297495636482273795e+01
-1.034196175188185407e+01 4.324428238795286461e+01
