0.000000000000000000e+00
0.000000000000000000e+00
0.000000000000000000e+00
0.000000000000000000e+00
0.000000000000000000e+00
0.000000000000000000e+00
0.000000000000000000e+00
6.500292778020000384e+00
0.000000000000000000e+00
0.000000000000000000e+00
0.000000000000000000e+00
0.000000000000000000e+00
2.685443115229999833e+01
2.003112792969999845e+01
0.000000000000000000e+00
0.000000000000000000e+00
0.000000000000000000e+00
0.000000000000000000e+00
0.000000000000000000e+00
0.000000000000000000e+00
5.980852127080000358e+00
2.003112792969999845e+01
2.003112792969999845e+01
2.003112792969999845e+01
2.003112792969999845e+01
0.000000000000000000e+00
0.000000000000000000e+00
0.000000000000000000e+00
0.000000000000000000e+00
0.000000000000000000e+00
5.733323574069999928e+00
2.053830337520000171e+01
2.003112792969999845e+01
0.000000000000000000e+00
0.000000000000000000e+00
0.000000000000000000e+00
5.980852127080000358e+00
5.980852127080000358e+00
5.733323574069999928e+00
5.980852127080000358e+00
5.980852127080000358e+00
2.003112792969999845e+01
2.053830337520000171e+01
0.000000000000000000e+00
0.000000000000000000e+00
0.000000000000000000e+00
5.980852127080000358e+00
6.236864089970000080e+00
2.003112792969999845e+01
0.000000000000000000e+00
5.980852127080000358e+00
0.000000000000000000e+00
0.000000000000000000e+00
0.000000000000000000e+00
0.000000000000000000e+00
0.000000000000000000e+00
0.000000000000000000e+00
5.733323574069999928e+00
6.500292778020000384e+00
2.003112792969999845e+01
0.000000000000000000e+00
0.000000000000000000e+00
0.000000000000000000e+00
0.000000000000000000e+00
2.053830337520000171e+01
2.003112792969999845e+01
2.003112792969999845e+01
0.000000000000000000e+00
0.000000000000000000e+00
2.685443115229999833e+01
0.000000000000000000e+00
0.000000000000000000e+00
0.000000000000000000e+00
0.000000000000000000e+00
0.000000000000000000e+00
0.000000000000000000e+00
0.000000000000000000e+00
0.000000000000000000e+00
6.500292778020000384e+00
2.104443931579999827e+01
0.000000000000000000e+00
0.000000000000000000e+00
0.000000000000000000e+00
5.853619098660000297e+00
0.000000000000000000e+00
5.853619098660000297e+00
0.000000000000000000e+00
5.853619098660000297e+00
0.000000000000000000e+00
0.000000000000000000e+00
0.000000000000000000e+00
0.000000000000000000e+00
0.000000000000000000e+00
0.000000000000000000e+00
0.000000000000000000e+00
0.000000000000000000e+00
0.000000000000000000e+00
0.000000000000000000e+00
0.000000000000000000e+00
0.000000000000000000e+00
0.000000000000000000e+00
0.000000000000000000e+00
0.000000000000000000e+00
0.000000000000000000e+00
0.000000000000000000e+00
0.000000000000000000e+00
0.000000000000000000e+00
0.000000000000000000e+00
0.000000000000000000e+00
0.000000000000000000e+00
0.000000000000000000e+00
0.000000000000000000e+00
0.000000000000000000e+00
0.000000000000000000e+00
0.000000000000000000e+00
0.000000000000000000e+00
0.000000000000000000e+00
0.000000000000000000e+00
