7.527249336239999700e+00
7.527249336239999700e+00
0.000000000000000000e+00
0.000000000000000000e+00
1.001072287559999996e+00
2.229969739910000026e+00
1.001072287559999996e+00
0.000000000000000000e+00
0.000000000000000000e+00
3.548422098160000093e+00
0.000000000000000000e+00
0.000000000000000000e+00
3.491814851760000060e+00
0.000000000000000000e+00
0.000000000000000000e+00
3.386217594150000121e+00
3.386217594150000121e+00
0.000000000000000000e+00
0.000000000000000000e+00
0.000000000000000000e+00
3.386217594150000121e+00
0.000000000000000000e+00
0.000000000000000000e+00
0.000000000000000000e+00
3.437700986859999919e+00
0.000000000000000000e+00
0.000000000000000000e+00
3.386217594150000121e+00
3.437700986859999919e+00
0.000000000000000000e+00
0.000000000000000000e+00
0.000000000000000000e+00
0.000000000000000000e+00
0.000000000000000000e+00
0.000000000000000000e+00
0.000000000000000000e+00
0.000000000000000000e+00
1.000513315200000086e+00
0.000000000000000000e+00
0.000000000000000000e+00
0.000000000000000000e+00
0.000000000000000000e+00
0.000000000000000000e+00
0.000000000000000000e+00
0.000000000000000000e+00
0.000000000000000000e+00
0.000000000000000000e+00
9.715712070469999517e-01
3.548422098160000093e+00
0.000000000000000000e+00
0.000000000000000000e+00
0.000000000000000000e+00
0.000000000000000000e+00
3.548422098160000093e+00
0.000000000000000000e+00
0.000000000000000000e+00
0.000000000000000000e+00
0.000000000000000000e+00
0.000000000000000000e+00
1.200723171229999942e+00
3.386217594150000121e+00
0.000000000000000000e+00
0.000000000000000000e+00
0.000000000000000000e+00
0.000000000000000000e+00
0.000000000000000000e+00
0.000000000000000000e+00
