7.264524936679999989e+00
7.264524936679999989e+00
0.000000000000000000e+00
0.000000000000000000e+00
1.001072287559999996e+00
2.674778938289999797e+00
1.001072287559999996e+00
0.000000000000000000e+00
0.000000000000000000e+00
2.324622392649999814e+00
0.000000000000000000e+00
0.000000000000000000e+00
2.409782409670000014e+00
0.000000000000000000e+00
0.000000000000000000e+00
2.581490516660000178e+00
2.581490516660000178e+00
0.000000000000000000e+00
0.000000000000000000e+00
0.000000000000000000e+00
2.581490516660000178e+00
0.000000000000000000e+00
0.000000000000000000e+00
0.000000000000000000e+00
2.495429277419999980e+00
0.000000000000000000e+00
0.000000000000000000e+00
2.581490516660000178e+00
2.495429277419999980e+00
0.000000000000000000e+00
0.000000000000000000e+00
0.000000000000000000e+00
0.000000000000000000e+00
0.000000000000000000e+00
0.000000000000000000e+00
0.000000000000000000e+00
0.000000000000000000e+00
0.000000000000000000e+00
0.000000000000000000e+00
0.000000000000000000e+00
0.000000000000000000e+00
0.000000000000000000e+00
0.000000000000000000e+00
0.000000000000000000e+00
0.000000000000000000e+00
0.000000000000000000e+00
0.000000000000000000e+00
2.186705589289999807e+00
2.324622392649999814e+00
0.000000000000000000e+00
0.000000000000000000e+00
0.000000000000000000e+00
0.000000000000000000e+00
2.324622392649999814e+00
0.000000000000000000e+00
0.000000000000000000e+00
0.000000000000000000e+00
0.000000000000000000e+00
0.000000000000000000e+00
0.000000000000000000e+00
2.581490516660000178e+00
1.004210114479999971e+00
0.000000000000000000e+00
0.000000000000000000e+00
0.000000000000000000e+00
0.000000000000000000e+00
0.000000000000000000e+00
