0.000000000000000000e+00
1.684008598329999939e+00
1.495279788969999935e+01
2.521246433259999975e+00
5.098123073580000053e+00
3.135938167569999990e+00
3.155905723570000099e+00
3.155905723570000099e+00
0.000000000000000000e+00
1.062176799769999924e+01
3.135938167569999990e+00
1.495279788969999935e+01
3.155905723570000099e+00
3.155905723570000099e+00
1.680862665180000048e+00
3.155905723570000099e+00
3.155905723570000099e+00
1.468084621430000070e+01
3.155905723570000099e+00
3.155905723570000099e+00
9.469114542009999802e-01
0.000000000000000000e+00
1.235841393470000105e+00
1.680862665180000048e+00
1.680862665180000048e+00
1.680862665180000048e+00
2.303784847260000213e+00
3.155905723570000099e+00
3.155905723570000099e+00
3.155905723570000099e+00
0.000000000000000000e+00
3.155905723570000099e+00
3.155905723570000099e+00
0.000000000000000000e+00
0.000000000000000000e+00
3.155905723570000099e+00
3.155905723570000099e+00
3.155905723570000099e+00
3.155905723570000099e+00
0.000000000000000000e+00
2.464608907700000184e+00
2.556305408480000096e+00
3.155905723570000099e+00
0.000000000000000000e+00
1.680862665180000048e+00
0.000000000000000000e+00
2.464608907700000184e+00
0.000000000000000000e+00
1.680862665180000048e+00
0.000000000000000000e+00
0.000000000000000000e+00
3.155905723570000099e+00
0.000000000000000000e+00
0.000000000000000000e+00
0.000000000000000000e+00
0.000000000000000000e+00
2.556305408480000096e+00
0.000000000000000000e+00
3.155905723570000099e+00
0.000000000000000000e+00
0.000000000000000000e+00
0.000000000000000000e+00
0.000000000000000000e+00
0.000000000000000000e+00
0.000000000000000000e+00
0.000000000000000000e+00
0.000000000000000000e+00
0.000000000000000000e+00
0.000000000000000000e+00
0.000000000000000000e+00
0.000000000000000000e+00
0.000000000000000000e+00
0.000000000000000000e+00
0.000000000000000000e+00
0.000000000000000000e+00
0.000000000000000000e+00
0.000000000000000000e+00
0.000000000000000000e+00
2.556305408480000096e+00
0.000000000000000000e+00
0.000000000000000000e+00
0.000000000000000000e+00
0.000000000000000000e+00
0.000000000000000000e+00
0.000000000000000000e+00
0.000000000000000000e+00
0.000000000000000000e+00
0.000000000000000000e+00
0.000000000000000000e+00
0.000000000000000000e+00
0.000000000000000000e+00
0.000000000000000000e+00
0.000000000000000000e+00
0.000000000000000000e+00
0.000000000000000000e+00
