3.686120986939999788e+00
2.450660943980000006e+00
2.450660943980000006e+00
2.891759395599999838e+00
4.628903865809999907e+00
1.228892683980000067e+00
4.900195121770000384e+00
4.900195121770000384e+00
3.331550359730000022e+00
2.450660943980000006e+00
2.450660943980000006e+00
1.137027454380000080e+01
4.900195121770000384e+00
3.686120986939999788e+00
1.228892683980000067e+00
3.686120986939999788e+00
5.315918922419999859e+00
3.686120986939999788e+00
0.000000000000000000e+00
4.956749916079999707e+00
5.315918922419999859e+00
5.315918922419999859e+00
5.315918922419999859e+00
1.696762847899999826e+01
6.888786315920000014e+00
1.696762847899999826e+01
1.696762847899999826e+01
2.450660943980000006e+00
2.450660943980000006e+00
2.450660943980000006e+00
2.464608907700000184e+00
5.315918922419999859e+00
0.000000000000000000e+00
3.311435699460000048e+00
0.000000000000000000e+00
5.315918922419999859e+00
5.315918922419999859e+00
2.450660943980000006e+00
4.628903865809999907e+00
5.315918922419999859e+00
6.838305950159999647e+00
0.000000000000000000e+00
0.000000000000000000e+00
0.000000000000000000e+00
0.000000000000000000e+00
4.628903865809999907e+00
5.315918922419999859e+00
1.696762847899999826e+01
5.341105937960000105e+00
2.450660943980000006e+00
2.450660943980000006e+00
2.450660943980000006e+00
5.315918922419999859e+00
2.464608907700000184e+00
0.000000000000000000e+00
0.000000000000000000e+00
5.315918922419999859e+00
5.315918922419999859e+00
1.696762847899999826e+01
2.450660943980000006e+00
2.450660943980000006e+00
0.000000000000000000e+00
2.450660943980000006e+00
3.311435699460000048e+00
1.744870543480000036e+00
5.315918922419999859e+00
5.401800632479999642e+00
0.000000000000000000e+00
0.000000000000000000e+00
4.956749916079999707e+00
4.628903865809999907e+00
6.838305950159999647e+00
2.128424167629999975e+00
2.464608907700000184e+00
3.331550359730000022e+00
1.228892683980000067e+00
5.315918922419999859e+00
2.120858430859999810e+00
2.450660943980000006e+00
5.515095233920000339e+00
0.000000000000000000e+00
4.956749916079999707e+00
5.515095233920000339e+00
2.450660943980000006e+00
2.450660943980000006e+00
5.315918922419999859e+00
0.000000000000000000e+00
6.838305950159999647e+00
2.450660943980000006e+00
2.464608907700000184e+00
0.000000000000000000e+00
4.956749916079999707e+00
5.732239723210000193e+00
1.704513072969999987e+00
5.315918922419999859e+00
3.644019603729999890e+00
3.301332473750000052e+00
0.000000000000000000e+00
5.315918922419999859e+00
1.696762847899999826e+01
6.372772216799999612e+00
2.891759395599999838e+00
0.000000000000000000e+00
2.450660943980000006e+00
0.000000000000000000e+00
4.628903865809999907e+00
4.501621723180000423e+00
5.401800632479999642e+00
1.328237247470000071e+01
0.000000000000000000e+00
6.372772216799999612e+00
5.515095233920000339e+00
4.956749916079999707e+00
0.000000000000000000e+00
4.628903865809999907e+00
4.628903865809999907e+00
5.401800632479999642e+00
2.450660943980000006e+00
4.956749916079999707e+00
5.401800632479999642e+00
0.000000000000000000e+00
0.000000000000000000e+00
0.000000000000000000e+00
4.956749916079999707e+00
0.000000000000000000e+00
2.436630249019999805e+00
1.533137416840000000e+01
0.000000000000000000e+00
1.957977676389999999e+01
5.515095233920000339e+00
4.628903865809999907e+00
2.265122652050000074e+00
0.000000000000000000e+00
0.000000000000000000e+00
1.663310289380000029e+00
1.577884292599999938e+01
1.764690399170000035e+00
5.315918922419999859e+00
1.832969093319999843e+01
1.249572157860000088e+00
1.663310289380000029e+00
1.347550201419999993e+01
0.000000000000000000e+00
4.628903865809999907e+00
1.347550201419999993e+01
0.000000000000000000e+00
0.000000000000000000e+00
0.000000000000000000e+00
2.117061853410000083e+00
2.265122652050000074e+00
1.347550201419999993e+01
0.000000000000000000e+00
1.328237247470000071e+01
0.000000000000000000e+00
2.891759395599999838e+00
1.577884292599999938e+01
1.577884292599999938e+01
1.347550201419999993e+01
0.000000000000000000e+00
0.000000000000000000e+00
0.000000000000000000e+00
0.000000000000000000e+00
1.328237247470000071e+01
0.000000000000000000e+00
1.577884292599999938e+01
