1.764690399170000035e+00
3.684181928630000158e+00
5.449006557459999733e+00
1.764690399170000035e+00
1.764690399170000035e+00
1.764690399170000035e+00
1.764690399170000035e+00
0.000000000000000000e+00
1.764690399170000035e+00
0.000000000000000000e+00
0.000000000000000000e+00
2.620258092879999889e+00
2.620258092879999889e+00
0.000000000000000000e+00
0.000000000000000000e+00
2.620258092879999889e+00
0.000000000000000000e+00
0.000000000000000000e+00
0.000000000000000000e+00
0.000000000000000000e+00
0.000000000000000000e+00
0.000000000000000000e+00
2.620258092879999889e+00
0.000000000000000000e+00
0.000000000000000000e+00
0.000000000000000000e+00
0.000000000000000000e+00
0.000000000000000000e+00
1.764690399170000035e+00
0.000000000000000000e+00
0.000000000000000000e+00
0.000000000000000000e+00
1.764690399170000035e+00
3.818313837049999826e+00
