1.206350612640000008e+01
1.206350612640000008e+01
0.000000000000000000e+00
0.000000000000000000e+00
7.444507122040000091e+00
1.693466949460000137e+01
7.444507122040000091e+00
0.000000000000000000e+00
0.000000000000000000e+00
1.738998031619999907e+01
0.000000000000000000e+00
7.566409111020000466e-01
1.730925178529999897e+01
7.566409111020000466e-01
0.000000000000000000e+00
1.714626502990000034e+01
1.714626502990000034e+01
7.566409111020000466e-01
2.521246433259999975e+00
0.000000000000000000e+00
1.714626502990000034e+01
2.521246433259999975e+00
3.159338474270000141e+00
0.000000000000000000e+00
1.722800827029999837e+01
0.000000000000000000e+00
0.000000000000000000e+00
1.714626502990000034e+01
1.722800827029999837e+01
8.400628089899999651e+00
0.000000000000000000e+00
2.521246433259999975e+00
2.521246433259999975e+00
0.000000000000000000e+00
2.521246433259999975e+00
3.159338474270000141e+00
2.521246433259999975e+00
0.000000000000000000e+00
0.000000000000000000e+00
2.521246433259999975e+00
2.549307107929999816e+00
2.549307107929999816e+00
0.000000000000000000e+00
2.521246433259999975e+00
0.000000000000000000e+00
0.000000000000000000e+00
0.000000000000000000e+00
9.715712070469999517e-01
1.738998031619999907e+01
0.000000000000000000e+00
2.549307107929999816e+00
2.549307107929999816e+00
0.000000000000000000e+00
1.738998031619999907e+01
0.000000000000000000e+00
2.521246433259999975e+00
0.000000000000000000e+00
2.521246433259999975e+00
2.549307107929999816e+00
1.663310289380000029e+00
1.714626502990000034e+01
1.498588562009999947e+01
0.000000000000000000e+00
2.521246433259999975e+00
0.000000000000000000e+00
0.000000000000000000e+00
0.000000000000000000e+00
