0.000000000000000000e+00
0.000000000000000000e+00
9.716520905490000359e-01
0.000000000000000000e+00
8.497932553289999635e-01
0.000000000000000000e+00
1.000564575200000084e+00
1.000564575200000084e+00
0.000000000000000000e+00
4.012724876400000085e+00
0.000000000000000000e+00
9.716520905490000359e-01
1.000564575200000084e+00
1.000564575200000084e+00
0.000000000000000000e+00
1.000564575200000084e+00
1.000564575200000084e+00
0.000000000000000000e+00
1.000564575200000084e+00
1.000564575200000084e+00
0.000000000000000000e+00
0.000000000000000000e+00
2.163813114169999885e+00
0.000000000000000000e+00
0.000000000000000000e+00
0.000000000000000000e+00
0.000000000000000000e+00
1.000564575200000084e+00
1.000564575200000084e+00
1.000564575200000084e+00
0.000000000000000000e+00
1.000564575200000084e+00
1.000564575200000084e+00
0.000000000000000000e+00
0.000000000000000000e+00
1.000564575200000084e+00
1.000564575200000084e+00
1.000564575200000084e+00
1.000564575200000084e+00
0.000000000000000000e+00
2.836055278779999966e+00
0.000000000000000000e+00
1.000564575200000084e+00
0.000000000000000000e+00
0.000000000000000000e+00
0.000000000000000000e+00
2.836055278779999966e+00
0.000000000000000000e+00
0.000000000000000000e+00
0.000000000000000000e+00
0.000000000000000000e+00
1.000564575200000084e+00
0.000000000000000000e+00
0.000000000000000000e+00
0.000000000000000000e+00
0.000000000000000000e+00
0.000000000000000000e+00
0.000000000000000000e+00
1.000564575200000084e+00
0.000000000000000000e+00
0.000000000000000000e+00
0.000000000000000000e+00
0.000000000000000000e+00
0.000000000000000000e+00
0.000000000000000000e+00
0.000000000000000000e+00
0.000000000000000000e+00
0.000000000000000000e+00
0.000000000000000000e+00
0.000000000000000000e+00
0.000000000000000000e+00
0.000000000000000000e+00
0.000000000000000000e+00
0.000000000000000000e+00
0.000000000000000000e+00
0.000000000000000000e+00
0.000000000000000000e+00
0.000000000000000000e+00
0.000000000000000000e+00
0.000000000000000000e+00
0.000000000000000000e+00
0.000000000000000000e+00
0.000000000000000000e+00
0.000000000000000000e+00
0.000000000000000000e+00
0.000000000000000000e+00
0.000000000000000000e+00
0.000000000000000000e+00
0.000000000000000000e+00
0.000000000000000000e+00
0.000000000000000000e+00
0.000000000000000000e+00
0.000000000000000000e+00
0.000000000000000000e+00
0.000000000000000000e+00
