0.000000000000000000e+00
0.000000000000000000e+00
0.000000000000000000e+00
0.000000000000000000e+00
8.079845428469999646e+00
8.316808700559999323e+00
2.120858430859999810e+00
1.406489658359999950e+01
4.510788440699999846e+00
0.000000000000000000e+00
2.120858430859999810e+00
5.341105937960000105e+00
0.000000000000000000e+00
1.426428508759999936e+01
1.000203323360000063e+01
0.000000000000000000e+00
4.510788440699999846e+00
4.510788440699999846e+00
1.000203323360000063e+01
0.000000000000000000e+00
1.406489658359999950e+01
1.789094161990000131e+01
1.000203323360000063e+01
0.000000000000000000e+00
4.843889236449999913e+00
1.426428508759999936e+01
1.406489658359999950e+01
4.900195121770000384e+00
6.439358234410000215e+00
1.000203323360000063e+01
2.120858430859999810e+00
1.510818290709999978e+01
1.426428508759999936e+01
0.000000000000000000e+00
1.235841393470000105e+00
1.724805951120000014e+00
1.861427116389999981e+01
1.861427116389999981e+01
0.000000000000000000e+00
0.000000000000000000e+00
0.000000000000000000e+00
1.426428508759999936e+01
1.426428508759999936e+01
1.406489658359999950e+01
4.122168064120000253e+00
0.000000000000000000e+00
1.426428508759999936e+01
1.426428508759999936e+01
1.426428508759999936e+01
1.406489658359999950e+01
0.000000000000000000e+00
1.426428508759999936e+01
1.426428508759999936e+01
1.406489658359999950e+01
1.724805951120000014e+00
1.426428508759999936e+01
1.510818290709999978e+01
1.426428508759999936e+01
1.426428508759999936e+01
1.510818290709999978e+01
0.000000000000000000e+00
1.406489658359999950e+01
1.406489658359999950e+01
1.724805951120000014e+00
2.120858430859999810e+00
0.000000000000000000e+00
0.000000000000000000e+00
1.426428508759999936e+01
1.426428508759999936e+01
1.426428508759999936e+01
1.426428508759999936e+01
1.426428508759999936e+01
1.406489658359999950e+01
1.406489658359999950e+01
1.426428508759999936e+01
0.000000000000000000e+00
1.813475418089999991e+01
2.120858430859999810e+00
1.406489658359999950e+01
1.837896919250000138e+01
1.426428508759999936e+01
0.000000000000000000e+00
0.000000000000000000e+00
1.813475418089999991e+01
1.837896919250000138e+01
1.837896919250000138e+01
