0.000000000000000000e+00
0.000000000000000000e+00
0.000000000000000000e+00
0.000000000000000000e+00
0.000000000000000000e+00
3.464191198350000001e+00
0.000000000000000000e+00
0.000000000000000000e+00
0.000000000000000000e+00
0.000000000000000000e+00
0.000000000000000000e+00
0.000000000000000000e+00
0.000000000000000000e+00
0.000000000000000000e+00
7.229808807370000423e+00
0.000000000000000000e+00
0.000000000000000000e+00
0.000000000000000000e+00
7.229808807370000423e+00
0.000000000000000000e+00
0.000000000000000000e+00
5.013695240019999666e+00
7.229808807370000423e+00
0.000000000000000000e+00
0.000000000000000000e+00
0.000000000000000000e+00
0.000000000000000000e+00
0.000000000000000000e+00
0.000000000000000000e+00
7.229808807370000423e+00
0.000000000000000000e+00
7.521864771840000019e-01
0.000000000000000000e+00
0.000000000000000000e+00
0.000000000000000000e+00
0.000000000000000000e+00
4.011226654049999674e+00
4.011226654049999674e+00
0.000000000000000000e+00
0.000000000000000000e+00
0.000000000000000000e+00
0.000000000000000000e+00
0.000000000000000000e+00
0.000000000000000000e+00
0.000000000000000000e+00
0.000000000000000000e+00
0.000000000000000000e+00
0.000000000000000000e+00
0.000000000000000000e+00
0.000000000000000000e+00
0.000000000000000000e+00
0.000000000000000000e+00
0.000000000000000000e+00
0.000000000000000000e+00
0.000000000000000000e+00
0.000000000000000000e+00
7.521864771840000019e-01
0.000000000000000000e+00
0.000000000000000000e+00
7.521864771840000019e-01
0.000000000000000000e+00
0.000000000000000000e+00
0.000000000000000000e+00
0.000000000000000000e+00
0.000000000000000000e+00
0.000000000000000000e+00
0.000000000000000000e+00
0.000000000000000000e+00
0.000000000000000000e+00
0.000000000000000000e+00
0.000000000000000000e+00
0.000000000000000000e+00
0.000000000000000000e+00
0.000000000000000000e+00
0.000000000000000000e+00
0.000000000000000000e+00
9.930580139159999931e+00
0.000000000000000000e+00
0.000000000000000000e+00
1.019645214079999995e+01
0.000000000000000000e+00
0.000000000000000000e+00
0.000000000000000000e+00
9.930580139159999931e+00
1.019645214079999995e+01
1.019645214079999995e+01
