0.000000000000000000e+00
1.684008598329999939e+00
1.225483536720000100e+00
0.000000000000000000e+00
0.000000000000000000e+00
2.639487266540000210e+00
1.621406555180000097e+00
1.621406555180000097e+00
0.000000000000000000e+00
1.293525791170000083e+01
2.639487266540000210e+00
1.225483536720000100e+00
1.621406555180000097e+00
1.621406555180000097e+00
0.000000000000000000e+00
1.621406555180000097e+00
1.621406555180000097e+00
6.776921153070000203e-01
1.621406555180000097e+00
1.621406555180000097e+00
3.926935672759999996e+00
9.945092201230000262e-01
3.341537475590000028e+00
0.000000000000000000e+00
0.000000000000000000e+00
0.000000000000000000e+00
9.984711408619999506e-01
1.621406555180000097e+00
1.621406555180000097e+00
1.621406555180000097e+00
0.000000000000000000e+00
1.621406555180000097e+00
1.621406555180000097e+00
0.000000000000000000e+00
0.000000000000000000e+00
1.621406555180000097e+00
1.621406555180000097e+00
1.621406555180000097e+00
1.621406555180000097e+00
9.945092201230000262e-01
4.405032634740000397e+00
0.000000000000000000e+00
1.621406555180000097e+00
0.000000000000000000e+00
0.000000000000000000e+00
0.000000000000000000e+00
4.405032634740000397e+00
9.986966252329999572e-01
0.000000000000000000e+00
0.000000000000000000e+00
0.000000000000000000e+00
1.621406555180000097e+00
0.000000000000000000e+00
0.000000000000000000e+00
0.000000000000000000e+00
0.000000000000000000e+00
0.000000000000000000e+00
0.000000000000000000e+00
1.621406555180000097e+00
0.000000000000000000e+00
0.000000000000000000e+00
0.000000000000000000e+00
0.000000000000000000e+00
0.000000000000000000e+00
0.000000000000000000e+00
0.000000000000000000e+00
0.000000000000000000e+00
0.000000000000000000e+00
0.000000000000000000e+00
0.000000000000000000e+00
0.000000000000000000e+00
0.000000000000000000e+00
0.000000000000000000e+00
0.000000000000000000e+00
0.000000000000000000e+00
0.000000000000000000e+00
0.000000000000000000e+00
0.000000000000000000e+00
0.000000000000000000e+00
0.000000000000000000e+00
0.000000000000000000e+00
0.000000000000000000e+00
0.000000000000000000e+00
0.000000000000000000e+00
0.000000000000000000e+00
0.000000000000000000e+00
0.000000000000000000e+00
0.000000000000000000e+00
0.000000000000000000e+00
0.000000000000000000e+00
0.000000000000000000e+00
0.000000000000000000e+00
0.000000000000000000e+00
0.000000000000000000e+00
0.000000000000000000e+00
