0.000000000000000000e+00
0.000000000000000000e+00
0.000000000000000000e+00
0.000000000000000000e+00
0.000000000000000000e+00
0.000000000000000000e+00
0.000000000000000000e+00
3.811555862430000108e+00
0.000000000000000000e+00
0.000000000000000000e+00
0.000000000000000000e+00
0.000000000000000000e+00
5.958581924439999788e+00
8.397134780880000093e+00
0.000000000000000000e+00
0.000000000000000000e+00
0.000000000000000000e+00
0.000000000000000000e+00
0.000000000000000000e+00
0.000000000000000000e+00
3.292252540589999832e+00
8.397134780880000093e+00
8.397134780880000093e+00
8.397134780880000093e+00
8.397134780880000093e+00
0.000000000000000000e+00
0.000000000000000000e+00
0.000000000000000000e+00
0.000000000000000000e+00
0.000000000000000000e+00
3.040433645249999817e+00
8.884949684140000414e+00
8.397134780880000093e+00
0.000000000000000000e+00
0.000000000000000000e+00
0.000000000000000000e+00
3.292252540589999832e+00
3.292252540589999832e+00
3.040433645249999817e+00
3.292252540589999832e+00
3.292252540589999832e+00
8.397134780880000093e+00
8.884949684140000414e+00
0.000000000000000000e+00
0.000000000000000000e+00
0.000000000000000000e+00
3.292252540589999832e+00
3.555970668790000122e+00
8.397134780880000093e+00
0.000000000000000000e+00
3.292252540589999832e+00
0.000000000000000000e+00
0.000000000000000000e+00
0.000000000000000000e+00
0.000000000000000000e+00
0.000000000000000000e+00
0.000000000000000000e+00
3.040433645249999817e+00
3.811555862430000108e+00
8.397134780880000093e+00
0.000000000000000000e+00
0.000000000000000000e+00
0.000000000000000000e+00
0.000000000000000000e+00
8.884949684140000414e+00
8.397134780880000093e+00
8.397134780880000093e+00
0.000000000000000000e+00
0.000000000000000000e+00
5.958581924439999788e+00
0.000000000000000000e+00
0.000000000000000000e+00
0.000000000000000000e+00
0.000000000000000000e+00
0.000000000000000000e+00
0.000000000000000000e+00
0.000000000000000000e+00
0.000000000000000000e+00
3.811555862430000108e+00
9.375819206239999204e+00
0.000000000000000000e+00
0.000000000000000000e+00
0.000000000000000000e+00
3.529101610180000126e+00
0.000000000000000000e+00
3.529101610180000126e+00
0.000000000000000000e+00
3.529101610180000126e+00
0.000000000000000000e+00
0.000000000000000000e+00
0.000000000000000000e+00
0.000000000000000000e+00
0.000000000000000000e+00
0.000000000000000000e+00
0.000000000000000000e+00
0.000000000000000000e+00
0.000000000000000000e+00
0.000000000000000000e+00
0.000000000000000000e+00
0.000000000000000000e+00
0.000000000000000000e+00
0.000000000000000000e+00
0.000000000000000000e+00
0.000000000000000000e+00
0.000000000000000000e+00
0.000000000000000000e+00
0.000000000000000000e+00
0.000000000000000000e+00
0.000000000000000000e+00
0.000000000000000000e+00
0.000000000000000000e+00
0.000000000000000000e+00
0.000000000000000000e+00
0.000000000000000000e+00
0.000000000000000000e+00
0.000000000000000000e+00
0.000000000000000000e+00
0.000000000000000000e+00
