0.000000000000000000e+00
0.000000000000000000e+00
0.000000000000000000e+00
0.000000000000000000e+00
0.000000000000000000e+00
0.000000000000000000e+00
0.000000000000000000e+00
2.803799629209999811e+00
0.000000000000000000e+00
0.000000000000000000e+00
0.000000000000000000e+00
0.000000000000000000e+00
5.214204311369999623e+00
7.367604255679999881e+00
0.000000000000000000e+00
0.000000000000000000e+00
0.000000000000000000e+00
0.000000000000000000e+00
0.000000000000000000e+00
0.000000000000000000e+00
2.394178152079999844e+00
7.367604255679999881e+00
7.367604255679999881e+00
7.367604255679999881e+00
7.367604255679999881e+00
0.000000000000000000e+00
0.000000000000000000e+00
0.000000000000000000e+00
0.000000000000000000e+00
0.000000000000000000e+00
2.157786130909999933e+00
7.803633689879999835e+00
7.367604255679999881e+00
0.000000000000000000e+00
0.000000000000000000e+00
0.000000000000000000e+00
2.394178152079999844e+00
2.394178152079999844e+00
2.157786130909999933e+00
2.394178152079999844e+00
2.394178152079999844e+00
7.367604255679999881e+00
7.803633689879999835e+00
0.000000000000000000e+00
0.000000000000000000e+00
0.000000000000000000e+00
2.394178152079999844e+00
2.586594343189999812e+00
7.367604255679999881e+00
0.000000000000000000e+00
2.394178152079999844e+00
0.000000000000000000e+00
0.000000000000000000e+00
0.000000000000000000e+00
0.000000000000000000e+00
0.000000000000000000e+00
0.000000000000000000e+00
2.157786130909999933e+00
2.803799629209999811e+00
7.367604255679999881e+00
0.000000000000000000e+00
0.000000000000000000e+00
0.000000000000000000e+00
0.000000000000000000e+00
7.803633689879999835e+00
7.367604255679999881e+00
7.367604255679999881e+00
0.000000000000000000e+00
0.000000000000000000e+00
5.214204311369999623e+00
0.000000000000000000e+00
0.000000000000000000e+00
0.000000000000000000e+00
0.000000000000000000e+00
0.000000000000000000e+00
0.000000000000000000e+00
0.000000000000000000e+00
0.000000000000000000e+00
2.803799629209999811e+00
8.248274803159999280e+00
0.000000000000000000e+00
0.000000000000000000e+00
0.000000000000000000e+00
2.186705589289999807e+00
0.000000000000000000e+00
2.186705589289999807e+00
0.000000000000000000e+00
2.186705589289999807e+00
0.000000000000000000e+00
0.000000000000000000e+00
0.000000000000000000e+00
0.000000000000000000e+00
0.000000000000000000e+00
0.000000000000000000e+00
0.000000000000000000e+00
0.000000000000000000e+00
0.000000000000000000e+00
0.000000000000000000e+00
0.000000000000000000e+00
0.000000000000000000e+00
0.000000000000000000e+00
0.000000000000000000e+00
0.000000000000000000e+00
0.000000000000000000e+00
0.000000000000000000e+00
0.000000000000000000e+00
0.000000000000000000e+00
0.000000000000000000e+00
0.000000000000000000e+00
0.000000000000000000e+00
0.000000000000000000e+00
0.000000000000000000e+00
0.000000000000000000e+00
0.000000000000000000e+00
0.000000000000000000e+00
0.000000000000000000e+00
0.000000000000000000e+00
0.000000000000000000e+00
