1.235841393470000105e+00
3.382306337360000192e+00
4.956749916079999707e+00
1.235841393470000105e+00
1.235841393470000105e+00
1.235841393470000105e+00
1.235841393470000105e+00
0.000000000000000000e+00
1.235841393470000105e+00
0.000000000000000000e+00
0.000000000000000000e+00
8.404408693310000400e-01
8.404408693310000400e-01
0.000000000000000000e+00
0.000000000000000000e+00
8.404408693310000400e-01
0.000000000000000000e+00
0.000000000000000000e+00
0.000000000000000000e+00
0.000000000000000000e+00
0.000000000000000000e+00
0.000000000000000000e+00
8.404408693310000400e-01
0.000000000000000000e+00
0.000000000000000000e+00
0.000000000000000000e+00
0.000000000000000000e+00
0.000000000000000000e+00
1.235841393470000105e+00
0.000000000000000000e+00
0.000000000000000000e+00
0.000000000000000000e+00
1.235841393470000105e+00
3.215665340420000184e+00
