6.151375770569999624e+00
6.151375770569999624e+00
0.000000000000000000e+00
0.000000000000000000e+00
5.755074620250000272e-01
1.513541102410000061e+00
5.755074620250000272e-01
0.000000000000000000e+00
0.000000000000000000e+00
1.598648190500000066e+00
0.000000000000000000e+00
0.000000000000000000e+00
1.673795104030000092e+00
0.000000000000000000e+00
0.000000000000000000e+00
1.829444050790000054e+00
1.829444050790000054e+00
0.000000000000000000e+00
0.000000000000000000e+00
0.000000000000000000e+00
1.829444050790000054e+00
0.000000000000000000e+00
0.000000000000000000e+00
0.000000000000000000e+00
1.750813007349999895e+00
0.000000000000000000e+00
0.000000000000000000e+00
1.829444050790000054e+00
1.750813007349999895e+00
0.000000000000000000e+00
0.000000000000000000e+00
0.000000000000000000e+00
0.000000000000000000e+00
0.000000000000000000e+00
0.000000000000000000e+00
0.000000000000000000e+00
0.000000000000000000e+00
0.000000000000000000e+00
0.000000000000000000e+00
0.000000000000000000e+00
0.000000000000000000e+00
0.000000000000000000e+00
0.000000000000000000e+00
0.000000000000000000e+00
0.000000000000000000e+00
0.000000000000000000e+00
0.000000000000000000e+00
1.943138003350000087e+00
1.598648190500000066e+00
0.000000000000000000e+00
0.000000000000000000e+00
0.000000000000000000e+00
0.000000000000000000e+00
1.598648190500000066e+00
0.000000000000000000e+00
0.000000000000000000e+00
0.000000000000000000e+00
0.000000000000000000e+00
0.000000000000000000e+00
0.000000000000000000e+00
1.829444050790000054e+00
0.000000000000000000e+00
0.000000000000000000e+00
0.000000000000000000e+00
0.000000000000000000e+00
0.000000000000000000e+00
0.000000000000000000e+00
