8.874367713930000789e+00
1.776776123049999967e+01
9.291948318479999358e+00
8.874367713930000789e+00
8.874367713930000789e+00
8.874367713930000789e+00
8.874367713930000789e+00
0.000000000000000000e+00
8.874367713930000789e+00
0.000000000000000000e+00
0.000000000000000000e+00
6.721929550169999601e+00
6.721929550169999601e+00
0.000000000000000000e+00
0.000000000000000000e+00
6.721929550169999601e+00
3.003711462020000056e+00
0.000000000000000000e+00
1.345194530490000062e+01
0.000000000000000000e+00
9.150727391240000008e-01
9.286561012270000415e-01
6.721929550169999601e+00
0.000000000000000000e+00
1.345194530490000062e+01
0.000000000000000000e+00
1.345194530490000062e+01
4.005273818970000121e+00
8.874367713930000789e+00
9.150727391240000008e-01
4.005273818970000121e+00
1.345194530490000062e+01
8.874367713930000789e+00
1.812894821169999915e+01
