0.000000000000000000e+00
9.955311417579999489e-01
0.000000000000000000e+00
0.000000000000000000e+00
0.000000000000000000e+00
0.000000000000000000e+00
0.000000000000000000e+00
6.752020835879999794e+00
0.000000000000000000e+00
0.000000000000000000e+00
2.731709241869999971e+00
6.966388225559999592e-01
1.683883094790000001e+01
1.116711330410000080e+01
0.000000000000000000e+00
0.000000000000000000e+00
0.000000000000000000e+00
0.000000000000000000e+00
0.000000000000000000e+00
0.000000000000000000e+00
6.538354873660000344e+00
1.116711330410000080e+01
1.116711330410000080e+01
1.116711330410000080e+01
1.116711330410000080e+01
0.000000000000000000e+00
0.000000000000000000e+00
0.000000000000000000e+00
9.955311417579999489e-01
0.000000000000000000e+00
6.443757057190000026e+00
1.170961093899999916e+01
1.116711330410000080e+01
0.000000000000000000e+00
0.000000000000000000e+00
0.000000000000000000e+00
6.538354873660000344e+00
6.538354873660000344e+00
6.443757057190000026e+00
6.538354873660000344e+00
6.538354873660000344e+00
1.116711330410000080e+01
1.170961093899999916e+01
0.000000000000000000e+00
9.955311417579999489e-01
0.000000000000000000e+00
6.538354873660000344e+00
6.641245365139999635e+00
1.116711330410000080e+01
0.000000000000000000e+00
6.538354873660000344e+00
0.000000000000000000e+00
0.000000000000000000e+00
0.000000000000000000e+00
0.000000000000000000e+00
0.000000000000000000e+00
0.000000000000000000e+00
6.443757057190000026e+00
6.752020835879999794e+00
1.116711330410000080e+01
0.000000000000000000e+00
0.000000000000000000e+00
1.991174459460000046e+00
9.955311417579999489e-01
1.170961093899999916e+01
1.116711330410000080e+01
1.116711330410000080e+01
0.000000000000000000e+00
2.816800832749999817e+00
1.683883094790000001e+01
0.000000000000000000e+00
0.000000000000000000e+00
0.000000000000000000e+00
0.000000000000000000e+00
0.000000000000000000e+00
0.000000000000000000e+00
0.000000000000000000e+00
9.955311417579999489e-01
6.752020835879999794e+00
1.225331211089999961e+01
0.000000000000000000e+00
0.000000000000000000e+00
0.000000000000000000e+00
2.781268596649999925e+00
0.000000000000000000e+00
2.781268596649999925e+00
0.000000000000000000e+00
2.781268596649999925e+00
0.000000000000000000e+00
0.000000000000000000e+00
0.000000000000000000e+00
0.000000000000000000e+00
0.000000000000000000e+00
0.000000000000000000e+00
0.000000000000000000e+00
0.000000000000000000e+00
0.000000000000000000e+00
0.000000000000000000e+00
0.000000000000000000e+00
0.000000000000000000e+00
0.000000000000000000e+00
0.000000000000000000e+00
0.000000000000000000e+00
0.000000000000000000e+00
0.000000000000000000e+00
9.955311417579999489e-01
0.000000000000000000e+00
0.000000000000000000e+00
0.000000000000000000e+00
0.000000000000000000e+00
0.000000000000000000e+00
0.000000000000000000e+00
0.000000000000000000e+00
0.000000000000000000e+00
9.955311417579999489e-01
0.000000000000000000e+00
0.000000000000000000e+00
0.000000000000000000e+00
