5.491044044489999720e+00
9.067855834959999584e+00
5.329314708710000126e+00
5.491044044489999720e+00
5.491044044489999720e+00
5.491044044489999720e+00
5.491044044489999720e+00
2.872919082640000177e+00
5.491044044489999720e+00
0.000000000000000000e+00
2.872919082640000177e+00
0.000000000000000000e+00
0.000000000000000000e+00
0.000000000000000000e+00
0.000000000000000000e+00
0.000000000000000000e+00
2.003283500669999828e+00
0.000000000000000000e+00
5.135855197909999781e+00
0.000000000000000000e+00
0.000000000000000000e+00
0.000000000000000000e+00
0.000000000000000000e+00
0.000000000000000000e+00
5.135855197909999781e+00
3.073754072189999853e+00
5.135855197909999781e+00
1.130633115770000030e+00
5.491044044489999720e+00
0.000000000000000000e+00
1.130633115770000030e+00
5.135855197909999781e+00
5.491044044489999720e+00
8.370923042299999395e+00
