0.000000000000000000e+00
0.000000000000000000e+00
0.000000000000000000e+00
0.000000000000000000e+00
0.000000000000000000e+00
4.042849540709999800e+00
0.000000000000000000e+00
7.196086645129999848e-01
0.000000000000000000e+00
0.000000000000000000e+00
0.000000000000000000e+00
0.000000000000000000e+00
0.000000000000000000e+00
3.598162531849999901e-01
7.547321319579999965e+00
0.000000000000000000e+00
0.000000000000000000e+00
0.000000000000000000e+00
7.547321319579999965e+00
0.000000000000000000e+00
7.196086645129999848e-01
5.013695240019999666e+00
7.547321319579999965e+00
0.000000000000000000e+00
6.580442786219999896e-01
3.598162531849999901e-01
7.196086645129999848e-01
6.839826107030000379e-01
0.000000000000000000e+00
7.547321319579999965e+00
0.000000000000000000e+00
1.068454146389999915e+00
3.598162531849999901e-01
0.000000000000000000e+00
0.000000000000000000e+00
0.000000000000000000e+00
4.031820774079999836e+00
4.031820774079999836e+00
0.000000000000000000e+00
0.000000000000000000e+00
0.000000000000000000e+00
3.598162531849999901e-01
3.598162531849999901e-01
7.196086645129999848e-01
0.000000000000000000e+00
0.000000000000000000e+00
3.598162531849999901e-01
3.598162531849999901e-01
3.598162531849999901e-01
7.196086645129999848e-01
0.000000000000000000e+00
3.598162531849999901e-01
3.598162531849999901e-01
7.196086645129999848e-01
0.000000000000000000e+00
3.598162531849999901e-01
1.068454146389999915e+00
3.598162531849999901e-01
3.598162531849999901e-01
1.068454146389999915e+00
0.000000000000000000e+00
7.196086645129999848e-01
7.196086645129999848e-01
0.000000000000000000e+00
0.000000000000000000e+00
0.000000000000000000e+00
0.000000000000000000e+00
3.598162531849999901e-01
3.598162531849999901e-01
3.598162531849999901e-01
3.598162531849999901e-01
3.598162531849999901e-01
7.196086645129999848e-01
7.196086645129999848e-01
3.598162531849999901e-01
0.000000000000000000e+00
1.050587081910000009e+01
0.000000000000000000e+00
7.196086645129999848e-01
1.077069377900000013e+01
3.598162531849999901e-01
0.000000000000000000e+00
0.000000000000000000e+00
1.050587081910000009e+01
1.077069377900000013e+01
1.077069377900000013e+01
