0.000000000000000000e+00
0.000000000000000000e+00
7.790451645849999496e-01
0.000000000000000000e+00
0.000000000000000000e+00
0.000000000000000000e+00
0.000000000000000000e+00
0.000000000000000000e+00
0.000000000000000000e+00
4.710770130160000235e+00
9.982995390890000431e-01
0.000000000000000000e+00
0.000000000000000000e+00
0.000000000000000000e+00
4.998470783230000158e+00
0.000000000000000000e+00
0.000000000000000000e+00
0.000000000000000000e+00
0.000000000000000000e+00
4.998470783230000158e+00
0.000000000000000000e+00
4.998470783230000158e+00
4.965377807620000361e+00
7.790451645849999496e-01
0.000000000000000000e+00
0.000000000000000000e+00
0.000000000000000000e+00
0.000000000000000000e+00
0.000000000000000000e+00
0.000000000000000000e+00
4.347690582280000271e+00
0.000000000000000000e+00
0.000000000000000000e+00
0.000000000000000000e+00
0.000000000000000000e+00
2.101892471309999788e+00
0.000000000000000000e+00
0.000000000000000000e+00
7.790451645849999496e-01
0.000000000000000000e+00
0.000000000000000000e+00
3.504985332489999994e+00
0.000000000000000000e+00
0.000000000000000000e+00
0.000000000000000000e+00
0.000000000000000000e+00
0.000000000000000000e+00
0.000000000000000000e+00
0.000000000000000000e+00
0.000000000000000000e+00
4.347690582280000271e+00
0.000000000000000000e+00
0.000000000000000000e+00
0.000000000000000000e+00
0.000000000000000000e+00
1.382007408139999960e+01
0.000000000000000000e+00
0.000000000000000000e+00
0.000000000000000000e+00
0.000000000000000000e+00
0.000000000000000000e+00
0.000000000000000000e+00
0.000000000000000000e+00
1.382007408139999960e+01
0.000000000000000000e+00
0.000000000000000000e+00
