0.000000000000000000e+00
0.000000000000000000e+00
0.000000000000000000e+00
0.000000000000000000e+00
6.937270164490000113e+00
1.090779304500000002e+01
0.000000000000000000e+00
1.480267715449999955e+01
9.998699426649999555e-01
0.000000000000000000e+00
0.000000000000000000e+00
9.996944665910000305e-01
0.000000000000000000e+00
1.516211414340000019e+01
9.542174339289999807e+00
0.000000000000000000e+00
9.998699426649999555e-01
9.998699426649999555e-01
9.542174339289999807e+00
0.000000000000000000e+00
1.480267715449999955e+01
2.262720680239999993e+01
9.542174339289999807e+00
0.000000000000000000e+00
1.200723171229999942e+00
1.516211414340000019e+01
1.480267715449999955e+01
9.996944665910000305e-01
2.809952735900000054e+00
9.542174339289999807e+00
0.000000000000000000e+00
1.524798488619999937e+01
1.516211414340000019e+01
0.000000000000000000e+00
0.000000000000000000e+00
0.000000000000000000e+00
2.264613342290000020e+01
2.264613342290000020e+01
0.000000000000000000e+00
0.000000000000000000e+00
0.000000000000000000e+00
1.516211414340000019e+01
1.516211414340000019e+01
1.480267715449999955e+01
0.000000000000000000e+00
0.000000000000000000e+00
1.516211414340000019e+01
1.516211414340000019e+01
1.516211414340000019e+01
1.480267715449999955e+01
0.000000000000000000e+00
1.516211414340000019e+01
1.516211414340000019e+01
1.480267715449999955e+01
0.000000000000000000e+00
1.516211414340000019e+01
1.524798488619999937e+01
1.516211414340000019e+01
1.516211414340000019e+01
1.524798488619999937e+01
0.000000000000000000e+00
1.480267715449999955e+01
1.480267715449999955e+01
0.000000000000000000e+00
0.000000000000000000e+00
0.000000000000000000e+00
0.000000000000000000e+00
1.516211414340000019e+01
1.516211414340000019e+01
1.516211414340000019e+01
1.516211414340000019e+01
1.516211414340000019e+01
1.480267715449999955e+01
1.480267715449999955e+01
1.516211414340000019e+01
0.000000000000000000e+00
2.746275520320000041e+01
0.000000000000000000e+00
1.480267715449999955e+01
2.798843574520000033e+01
1.516211414340000019e+01
0.000000000000000000e+00
0.000000000000000000e+00
2.746275520320000041e+01
2.798843574520000033e+01
2.798843574520000033e+01
