-3.107057184654768278e+01 2.407994275525033601e+01
-3.776867782078925728e+01 4.215567597959477553e+01
-2.126545489141876288e+01 2.892556013445558349e+01
-2.145023127884943648e+01 3.355911618772320537e+01
4.479518854565694319e+00 7.267667330352396959e+01
-1.711924925013707721e+01 2.791004622152185632e+01
4.119561753108662572e+00 7.282482327893323770e+01
-2.791105385633144564e+01 5.982974629230963615e+01
-2.794026296392946307e+01 5.983347352231014327e+01
-2.729694643444232938e+01 5.973592399591559854e+01
-2.833706857678940949e+01 6.002743045684574952e+01
-4.427063249246320886e+00 -5.523330789163089349e+01
1.181790506118366668e+00 -5.687766116282129047e+01
-1.036271702398801065e+00 -5.551301590877933734e+01
7.803190229245106302e+00 -4.752894247004631723e+01
7.772074956228246734e+00 -4.752815038666966529e+01
1.131620752701785548e+01 -4.715301286427679628e+01
7.817468880886460525e+00 -4.756070468810587926e+01
8.457681266745996851e+00 -4.861080621453354667e+01
4.422688611113241741e+00 -4.978312360726202002e+01
6.943679699368360048e+00 -4.956384657009015626e+01
7.866675082497728511e+00 -4.756505443074426864e+01
2.259782280365532969e+01 -1.542967113011291858e+01
1.222557448484412213e+01 -1.723071619456393222e+01
2.579443874914322876e+01 -1.143282766396989558e+01
