5.100000000000000000e+01
4.700000000000000000e+01
8.700000000000000000e+01
8.800000000000000000e+01
7.000000000000000000e+01
9.800000000000000000e+01
9.800000000000000000e+01
9.750000000000000000e+01
9.740000000000000568e+01
1.774000000000000057e+02
1.645999999999999943e+02
1.530000000000000000e+02
1.580000000000000000e+02
1.600000000000000000e+02
1.730000000000000000e+02
8.900000000000000000e+01
8.400000000000000000e+01
9.300000000000000000e+01
9.100000000000000000e+01
8.600000000000000000e+01
7.600000000000000000e+01
1.610000000000000000e+02
1.000000000000000000e+02
8.200000000000000000e+01
8.900000000000000000e+01
nan
nan
nan
nan
