3.354679999999999751e+01 -4.092200000000000060e+00
3.342439999999999856e+01 -4.065000000000000391e+00
2.477639999999999887e+01 -2.873890000000000100e+01
2.475250000000000128e+01 -2.874060000000000059e+01
2.360760000000000147e+01 -6.167099999999999582e+00
-9.197299999999999898e+01 7.334999999999999432e+01
-9.201735999999999649e+01 7.334176999999999680e+01
-9.099275000000000091e+01 7.351182000000000016e+01
-9.298438000000000159e+01 7.332639000000000351e+01
-8.393949000000000638e+01 5.286498000000000275e+01
-6.510773000000000366e+01 5.936200000000000188e+01
-6.624802999999999997e+01 6.423727999999999838e+01
1.205701999999999998e+02 7.052670000000000528e+01
-4.987380999999999887e+01 6.410581000000000529e+01
-1.114786799999999971e+02 6.599585000000000434e+01
2.742200000000000060e+01 -2.811100000000000065e+01
2.479159999999999897e+01 -2.876930000000000121e+01
2.465279999999999916e+01 -2.837079999999999913e+01
2.862199999999999989e+01 -2.898499999999999943e+01
2.541900000000000048e+01 -2.976229999999999976e+01
2.255999999999999872e+01 -3.126500000000000057e+01
1.211157999999999930e+02 7.051139999999999475e+01
2.682881000000000071e+01 -2.803544000000000125e+01
2.441235999999999962e+01 -3.082807000000000031e+01
2.482979999999999876e+01 -2.876970000000000027e+01
nan nan
nan nan
nan nan
nan nan
