-3.080606714866740958e+01 4.330603405414303353e+01
-4.553426282046096674e+01 8.792690938990629945e+01
-3.064325300948721420e+01 2.619624098574403703e+01
-3.065336027722425527e+01 4.318852048396915677e+01
-3.103677164400810184e+01 4.317950750112137115e+01
-3.124008051716391066e+01 4.335773524848806915e+01
-3.080742487845548538e+01 4.330649860596972900e+01
-2.682675007970717118e+01 -1.697057182955785848e+01
-3.103677164400810184e+01 4.317950750112137115e+01
-7.760071658080510026e+00 -4.565960085912156785e+01
-2.682675007970717118e+01 -1.697057182955785848e+01
-2.706678122921834984e+01 3.279983072333176608e+01
-2.708209438677690528e+01 3.278000860824851515e+01
9.852986735227391435e+00 -3.854227514114604247e+01
-8.936080371250973542e+00 -4.679203435600497585e+01
-2.709563717230444624e+01 3.280479213838493280e+01
7.893732712549618213e+01 -5.708514874678212436e+01
-8.498632568125511488e-01 -4.157668974000203832e+01
-4.245201318022830606e+01 4.783520901572451578e+01
1.395557987740180694e+00 -3.918706385689937832e+01
-2.194219985962776676e+01 2.423736578480159665e+01
-2.207112050416569105e+01 2.233150689406336298e+01
-2.708612681046530568e+01 3.278643020426646615e+01
-8.895167807938176852e-01 -4.165601312538779410e+01
-4.247751547904203306e+01 4.800597724415133882e+01
-2.745655622594994227e+01 -1.418546361864273031e+01
-4.245942528790880743e+01 4.794742743529226914e+01
8.206483717002033984e+01 -5.839208922471071617e+01
-3.104454595353073643e+01 4.312983019427885267e+01
-2.217553926990256841e+01 2.388023030556464832e+01
8.241906187022129870e+01 -5.775583695857775979e+01
-4.225834076191274846e+01 4.783688297083222807e+01
-3.080482329172568257e+01 4.338248916679565070e+01
-5.516522654586913887e+01 8.393783652595993772e+01
