-1.553829327040953068e+01 7.930137607269619693e+00
2.238939688444379517e+00 -7.421370105090186087e+01
-4.823638081242308573e+01 -2.687730503836091955e+01
2.534564730413326217e+01 5.546920299414971112e+01
3.240532244737750922e+00 5.127242451184322647e+01
-1.041258212580499816e+02 6.764365981484192503e+01
2.186015274593091817e+01 -7.965790209933786059e+01
1.346177256899947672e+01 -7.903812712592388934e+00
-4.772438023288638931e+01 -2.413228407879732806e+00
-5.159629632512772446e+01 -6.410401194327854490e+00
9.992536375586070108e+01 3.454261630759676649e+01
8.861118438074544201e+01 4.410467755265529632e+01
