1.569841131069044877e+02 -8.341823938620274248e+01
9.956642398156022011e+01 -7.298847084271640995e+01
-8.311277116876992466e+01 3.562351627146773581e+01
5.638400632842729010e+01 3.485674421248686627e+01
1.344013065935303120e+00 -8.255492496710340333e+01
1.554945565787296680e+01 4.442316714478748096e+00
-6.005647170096013809e+01 -2.962090412452341948e+00
5.037403015117418903e+01 3.120941683501023789e+01
3.487270089591689981e+01 6.445250234315497551e+01
5.548302449721222018e+01 3.362547955646421372e+01
6.518637378170599561e+01 4.588643889155292044e+01
1.041362463963216101e+02 -8.013332141662822039e+01
