1.992144227030000048e+00
1.350219130519999977e+00
0.000000000000000000e+00
1.992144227030000048e+00
1.992144227030000048e+00
1.350219130519999977e+00
1.992144227030000048e+00
1.992144227030000048e+00
9.273146629330000223e+00
1.438107395169999947e+01
0.000000000000000000e+00
1.992144227030000048e+00
1.350219130519999977e+00
0.000000000000000000e+00
0.000000000000000000e+00
1.992144227030000048e+00
9.964087605479999832e-01
1.992144227030000048e+00
1.992144227030000048e+00
0.000000000000000000e+00
1.992144227030000048e+00
0.000000000000000000e+00
1.541759300230000029e+01
0.000000000000000000e+00
1.992144227030000048e+00
1.350219130519999977e+00
1.350219130519999977e+00
1.992144227030000048e+00
3.868842124940000016e+00
3.301332473750000052e+00
0.000000000000000000e+00
1.350219130519999977e+00
1.992144227030000048e+00
1.992144227030000048e+00
1.992144227030000048e+00
0.000000000000000000e+00
2.194898605350000143e+00
4.570886611939999788e+00
0.000000000000000000e+00
1.992144227030000048e+00
3.301332473750000052e+00
0.000000000000000000e+00
0.000000000000000000e+00
3.301332473750000052e+00
3.301332473750000052e+00
1.350219130519999977e+00
1.992144227030000048e+00
2.836055278779999966e+00
5.300509929659999564e+00
8.052834510800000345e+00
0.000000000000000000e+00
9.003770351409999817e-01
4.327143669129999815e+00
3.301332473750000052e+00
5.300509929659999564e+00
4.471723079680000268e+00
0.000000000000000000e+00
3.712428808209999875e+00
9.078629016879999902e-01
9.003770351409999817e-01
9.003770351409999817e-01
5.300509929659999564e+00
5.300509929659999564e+00
4.471723079680000268e+00
9.975575447080000657e+00
4.570886611939999788e+00
