0.000000000000000000e+00
7.422635078429999922e+00
4.286377906800000304e+00
0.000000000000000000e+00
0.000000000000000000e+00
0.000000000000000000e+00
0.000000000000000000e+00
0.000000000000000000e+00
0.000000000000000000e+00
3.371079921719999817e+00
0.000000000000000000e+00
7.333104014400000370e-01
7.333104014400000370e-01
5.017882823939999959e+00
4.279005050660000364e+00
7.333104014400000370e-01
0.000000000000000000e+00
3.100341081619999883e+00
3.182524204249999933e+00
4.988980770110000407e+00
8.142628669740000547e+00
9.017572402949999955e+00
7.333104014400000370e-01
3.100341081619999883e+00
3.182524204249999933e+00
0.000000000000000000e+00
3.182524204249999933e+00
0.000000000000000000e+00
0.000000000000000000e+00
8.024247169489999720e+00
0.000000000000000000e+00
3.182524204249999933e+00
0.000000000000000000e+00
1.029202842709999999e+01
