0.000000000000000000e+00
0.000000000000000000e+00
0.000000000000000000e+00
0.000000000000000000e+00
2.587959766390000027e+00
9.622426033019999991e+00
2.281579017639999929e+00
0.000000000000000000e+00
0.000000000000000000e+00
1.034638881679999933e+01
0.000000000000000000e+00
7.333104014400000370e-01
1.039853000639999969e+01
1.466594696040000034e+00
0.000000000000000000e+00
1.045448112489999914e+01
1.045448112489999914e+01
7.333104014400000370e-01
1.288920521739999936e+00
0.000000000000000000e+00
1.045448112489999914e+01
1.288920521739999936e+00
0.000000000000000000e+00
0.000000000000000000e+00
1.045448112489999914e+01
0.000000000000000000e+00
0.000000000000000000e+00
1.045448112489999914e+01
1.039853000639999969e+01
1.001237869259999913e+00
0.000000000000000000e+00
1.288920521739999936e+00
1.288920521739999936e+00
0.000000000000000000e+00
1.288920521739999936e+00
0.000000000000000000e+00
1.288920521739999936e+00
2.816800832749999817e+00
0.000000000000000000e+00
1.288920521739999936e+00
2.157669544220000013e+00
2.157669544220000013e+00
0.000000000000000000e+00
1.288920521739999936e+00
2.816800832749999817e+00
6.981186389920000401e+00
0.000000000000000000e+00
0.000000000000000000e+00
1.034638881679999933e+01
6.981186389920000401e+00
2.157669544220000013e+00
2.157669544220000013e+00
0.000000000000000000e+00
1.034638881679999933e+01
0.000000000000000000e+00
1.288920521739999936e+00
0.000000000000000000e+00
1.288920521739999936e+00
2.157669544220000013e+00
0.000000000000000000e+00
1.045448112489999914e+01
8.745490074159999239e+00
0.000000000000000000e+00
1.288920521739999936e+00
0.000000000000000000e+00
0.000000000000000000e+00
0.000000000000000000e+00
