0.000000000000000000e+00
9.984711408619999506e-01
9.984711408619999506e-01
0.000000000000000000e+00
9.411114454269999818e-01
9.984711408619999506e-01
0.000000000000000000e+00
0.000000000000000000e+00
1.841221094130000013e+00
9.984711408619999506e-01
9.984711408619999506e-01
0.000000000000000000e+00
0.000000000000000000e+00
0.000000000000000000e+00
9.984711408619999506e-01
0.000000000000000000e+00
1.367959618570000035e+00
0.000000000000000000e+00
1.301245927809999925e+00
9.411114454269999818e-01
1.367959618570000035e+00
1.367959618570000035e+00
1.367959618570000035e+00
8.341185569760000362e+00
1.506387329100000017e+01
7.966825008389999851e+00
7.966825008389999851e+00
9.984711408619999506e-01
9.984711408619999506e-01
9.984711408619999506e-01
9.986438751220000354e-01
1.367959618570000035e+00
0.000000000000000000e+00
0.000000000000000000e+00
0.000000000000000000e+00
1.367959618570000035e+00
1.367959618570000035e+00
9.984711408619999506e-01
9.411114454269999818e-01
1.367959618570000035e+00
1.893815279010000019e+00
0.000000000000000000e+00
0.000000000000000000e+00
0.000000000000000000e+00
1.301245927809999925e+00
9.411114454269999818e-01
1.367959618570000035e+00
7.966825008389999851e+00
0.000000000000000000e+00
9.984711408619999506e-01
9.984711408619999506e-01
9.984711408619999506e-01
1.367959618570000035e+00
9.986438751220000354e-01
1.301245927809999925e+00
0.000000000000000000e+00
1.367959618570000035e+00
1.367959618570000035e+00
7.966825008389999851e+00
9.984711408619999506e-01
9.984711408619999506e-01
0.000000000000000000e+00
0.000000000000000000e+00
0.000000000000000000e+00
9.984711408619999506e-01
1.367959618570000035e+00
9.286561012270000415e-01
0.000000000000000000e+00
0.000000000000000000e+00
9.411114454269999818e-01
0.000000000000000000e+00
1.893815279010000019e+00
1.859596252440000042e+00
9.986438751220000354e-01
1.841221094130000013e+00
9.984711408619999506e-01
1.367959618570000035e+00
9.984711408619999506e-01
9.984711408619999506e-01
1.367959618570000035e+00
1.301245927809999925e+00
9.411114454269999818e-01
1.367959618570000035e+00
9.984711408619999506e-01
9.984711408619999506e-01
1.367959618570000035e+00
0.000000000000000000e+00
1.893815279010000019e+00
9.984711408619999506e-01
9.986438751220000354e-01
0.000000000000000000e+00
9.411114454269999818e-01
0.000000000000000000e+00
0.000000000000000000e+00
1.367959618570000035e+00
0.000000000000000000e+00
0.000000000000000000e+00
0.000000000000000000e+00
1.367959618570000035e+00
7.966825008389999851e+00
0.000000000000000000e+00
0.000000000000000000e+00
0.000000000000000000e+00
9.984711408619999506e-01
0.000000000000000000e+00
9.411114454269999818e-01
0.000000000000000000e+00
9.286561012270000415e-01
1.538885784150000013e+01
0.000000000000000000e+00
0.000000000000000000e+00
1.367959618570000035e+00
9.411114454269999818e-01
3.905071258540000034e+00
9.411114454269999818e-01
9.411114454269999818e-01
9.286561012270000415e-01
0.000000000000000000e+00
9.411114454269999818e-01
9.286561012270000415e-01
9.982995390890000431e-01
0.000000000000000000e+00
0.000000000000000000e+00
9.411114454269999818e-01
0.000000000000000000e+00
0.000000000000000000e+00
9.515991210939999334e+00
0.000000000000000000e+00
2.998029232029999935e+00
1.367959618570000035e+00
9.411114454269999818e-01
0.000000000000000000e+00
0.000000000000000000e+00
9.982995390890000431e-01
0.000000000000000000e+00
9.116954803469999646e+00
9.981293678279999915e-01
1.367959618570000035e+00
6.292516708369999989e+00
9.979608654980000049e-01
0.000000000000000000e+00
1.507896518709999967e+01
7.679604887959999848e-01
9.411114454269999818e-01
1.538885784150000013e+01
0.000000000000000000e+00
0.000000000000000000e+00
0.000000000000000000e+00
0.000000000000000000e+00
0.000000000000000000e+00
1.507896518709999967e+01
0.000000000000000000e+00
1.538885784150000013e+01
0.000000000000000000e+00
0.000000000000000000e+00
9.515991210939999334e+00
9.116954803469999646e+00
1.538885784150000013e+01
0.000000000000000000e+00
0.000000000000000000e+00
0.000000000000000000e+00
0.000000000000000000e+00
1.538885784150000013e+01
3.136221170429999816e+00
9.116954803469999646e+00
