0.000000000000000000e+00
0.000000000000000000e+00
0.000000000000000000e+00
0.000000000000000000e+00
2.051270961759999789e+00
1.305608844760000053e+01
1.912698745729999983e+00
1.175616550450000020e+01
3.073631048200000215e+00
0.000000000000000000e+00
1.912698745729999983e+00
2.585898637770000175e+00
0.000000000000000000e+00
1.145969676970000073e+01
1.422641277309999985e+01
8.588866591449999532e-01
3.073631048200000215e+00
3.073631048200000215e+00
1.422641277309999985e+01
0.000000000000000000e+00
1.145969676970000073e+01
3.044344663620000002e+00
1.422641277309999985e+01
1.318828463550000052e+00
1.841221094130000013e+00
1.145969676970000073e+01
1.175616550450000020e+01
1.276166081429999988e+00
2.135923385619999948e+00
1.422641277309999985e+01
1.912698745729999983e+00
1.175616550450000020e+01
1.116730785370000056e+01
1.717755794529999935e+00
2.698009729389999833e+00
1.912698745729999983e+00
3.006534337999999806e+00
3.006534337999999806e+00
0.000000000000000000e+00
0.000000000000000000e+00
0.000000000000000000e+00
1.145969676970000073e+01
1.145969676970000073e+01
1.175616550450000020e+01
3.100341081619999883e+00
8.677182793619999668e-01
1.116730785370000056e+01
1.145969676970000073e+01
1.175616550450000020e+01
1.145969676970000073e+01
0.000000000000000000e+00
1.145969676970000073e+01
1.175616550450000020e+01
1.145969676970000073e+01
1.912698745729999983e+00
1.145969676970000073e+01
1.145969676970000073e+01
1.145969676970000073e+01
1.145969676970000073e+01
1.145969676970000073e+01
8.677182793619999668e-01
1.175616550450000020e+01
1.175616550450000020e+01
1.912698745729999983e+00
1.912698745729999983e+00
0.000000000000000000e+00
0.000000000000000000e+00
1.145969676970000073e+01
1.145969676970000073e+01
1.145969676970000073e+01
1.145969676970000073e+01
1.145969676970000073e+01
1.175616550450000020e+01
1.116730785370000056e+01
1.145969676970000073e+01
0.000000000000000000e+00
5.228243350979999704e+00
1.912698745729999983e+00
1.145969676970000073e+01
6.052138328549999891e+00
1.145969676970000073e+01
0.000000000000000000e+00
0.000000000000000000e+00
5.228243350979999704e+00
6.052138328549999891e+00
6.052138328549999891e+00
