9.756251573559999724e-01
9.756251573559999724e-01
9.756251573559999724e-01
9.756251573559999724e-01
9.965502023700000267e-01
1.335460758209999987e+01
4.070153236390000373e+00
9.843745231630000703e+00
1.996770501140000098e+00
9.756251573559999724e-01
4.070153236390000373e+00
0.000000000000000000e+00
9.947491288190000169e-01
9.693902015689999985e+00
2.786827564240000221e+00
2.576590299609999857e+00
1.996770501140000098e+00
1.996770501140000098e+00
2.786827564240000221e+00
9.828450679779999755e-01
9.693902015689999985e+00
1.002325654030000068e+00
2.786827564240000221e+00
2.775145292279999953e+00
1.263032317159999973e+00
9.693902015689999985e+00
9.843745231630000703e+00
8.004965782170000432e-01
0.000000000000000000e+00
2.786827564240000221e+00
4.070153236390000373e+00
9.843745231630000703e+00
9.557733535769999733e+00
1.717755794529999935e+00
3.108942270280000031e+00
4.070153236390000373e+00
1.002325654030000068e+00
1.002325654030000068e+00
9.947491288190000169e-01
9.947491288190000169e-01
9.947491288190000169e-01
9.693902015689999985e+00
9.693902015689999985e+00
9.843745231630000703e+00
8.209698796269999654e-01
3.594130754470000078e+00
9.557733535769999733e+00
9.693902015689999985e+00
9.843745231630000703e+00
9.693902015689999985e+00
9.947491288190000169e-01
9.693902015689999985e+00
9.843745231630000703e+00
9.693902015689999985e+00
4.070153236390000373e+00
9.693902015689999985e+00
9.693902015689999985e+00
9.693902015689999985e+00
9.693902015689999985e+00
9.693902015689999985e+00
3.594130754470000078e+00
9.843745231630000703e+00
9.843745231630000703e+00
4.070153236390000373e+00
4.070153236390000373e+00
1.397242546079999981e+00
1.397242546079999981e+00
9.693902015689999985e+00
9.693902015689999985e+00
9.693902015689999985e+00
9.693902015689999985e+00
9.693902015689999985e+00
9.843745231630000703e+00
9.557733535769999733e+00
9.693902015689999985e+00
9.947491288190000169e-01
7.114873886109999823e+00
4.070153236390000373e+00
9.693902015689999985e+00
7.001520156859999844e+00
9.693902015689999985e+00
1.958763599400000111e+00
1.958763599400000111e+00
7.114873886109999823e+00
7.001520156859999844e+00
7.001520156859999844e+00
