0.000000000000000000e+00
5.818727016449999567e+00
5.504361629489999963e+00
0.000000000000000000e+00
0.000000000000000000e+00
0.000000000000000000e+00
0.000000000000000000e+00
0.000000000000000000e+00
0.000000000000000000e+00
1.269643306729999921e+00
0.000000000000000000e+00
0.000000000000000000e+00
0.000000000000000000e+00
0.000000000000000000e+00
2.556305408480000096e+00
0.000000000000000000e+00
0.000000000000000000e+00
0.000000000000000000e+00
1.428730368609999912e+00
0.000000000000000000e+00
6.985751628880000119e+00
7.983058452609999911e+00
0.000000000000000000e+00
0.000000000000000000e+00
1.428730368609999912e+00
0.000000000000000000e+00
1.428730368609999912e+00
0.000000000000000000e+00
0.000000000000000000e+00
6.985751628880000119e+00
0.000000000000000000e+00
1.428730368609999912e+00
0.000000000000000000e+00
6.720437049870000124e+00
