0.000000000000000000e+00
0.000000000000000000e+00
0.000000000000000000e+00
0.000000000000000000e+00
1.063549160960000073e+00
1.104451751709999918e+01
1.595250964159999896e+00
0.000000000000000000e+00
0.000000000000000000e+00
1.205434989930000000e+01
0.000000000000000000e+00
9.991675615309999481e-01
1.204833126069999949e+01
7.333104014400000370e-01
0.000000000000000000e+00
1.204632377619999950e+01
1.204632377619999950e+01
9.991675615309999481e-01
8.209698796269999654e-01
0.000000000000000000e+00
1.204632377619999950e+01
8.209698796269999654e-01
1.263032317159999973e+00
0.000000000000000000e+00
1.204632377619999950e+01
0.000000000000000000e+00
0.000000000000000000e+00
1.204632377619999950e+01
1.204833126069999949e+01
2.281579017639999929e+00
0.000000000000000000e+00
8.209698796269999654e-01
8.209698796269999654e-01
0.000000000000000000e+00
8.209698796269999654e-01
9.984711408619999506e-01
8.209698796269999654e-01
1.409767270089999913e+00
0.000000000000000000e+00
8.209698796269999654e-01
1.295139789580000089e+00
1.295139789580000089e+00
0.000000000000000000e+00
8.209698796269999654e-01
1.409767270089999913e+00
2.990988254549999947e+00
4.088622570040000070e+00
0.000000000000000000e+00
1.205434989930000000e+01
3.113039016720000163e+00
1.295139789580000089e+00
1.295139789580000089e+00
0.000000000000000000e+00
1.205434989930000000e+01
0.000000000000000000e+00
8.209698796269999654e-01
0.000000000000000000e+00
8.209698796269999654e-01
1.295139789580000089e+00
0.000000000000000000e+00
1.204632377619999950e+01
8.648674964899999651e+00
0.000000000000000000e+00
8.209698796269999654e-01
0.000000000000000000e+00
0.000000000000000000e+00
0.000000000000000000e+00
