3.687910795210000092e+00
0.000000000000000000e+00
1.099127006530000017e+01
3.398991346359999888e+00
1.313095808029999922e+00
2.379998922349999990e+00
2.101892471309999788e+00
2.379998922349999990e+00
7.333104014400000370e-01
6.466851234439999985e+00
2.379998922349999990e+00
1.099127006530000017e+01
2.379998922349999990e+00
2.101892471309999788e+00
4.248602390290000308e+00
2.379998922349999990e+00
2.379998922349999990e+00
1.184639739990000074e+01
2.101892471309999788e+00
2.101892471309999788e+00
0.000000000000000000e+00
1.988988280300000078e+00
0.000000000000000000e+00
4.248602390290000308e+00
4.248602390290000308e+00
4.248602390290000308e+00
0.000000000000000000e+00
2.101892471309999788e+00
2.101892471309999788e+00
2.101892471309999788e+00
3.985367059710000159e+00
2.101892471309999788e+00
2.101892471309999788e+00
2.685679912569999939e+00
2.685679912569999939e+00
2.101892471309999788e+00
2.101892471309999788e+00
2.101892471309999788e+00
2.101892471309999788e+00
1.988988280300000078e+00
0.000000000000000000e+00
9.982995390890000431e-01
2.101892471309999788e+00
2.186620712279999879e+00
4.248602390290000308e+00
2.154148101810000160e+00
0.000000000000000000e+00
1.988988280300000078e+00
4.248602390290000308e+00
1.877642393109999919e+00
1.877642393109999919e+00
2.101892471309999788e+00
2.988816738130000150e+00
9.946895241740000282e-01
3.589491844179999891e+00
0.000000000000000000e+00
9.982995390890000431e-01
2.685679912569999939e+00
2.101892471309999788e+00
2.988816738130000150e+00
2.685679912569999939e+00
0.000000000000000000e+00
2.685679912569999939e+00
2.685679912569999939e+00
2.186620712279999879e+00
3.985367059710000159e+00
8.926173448559999724e-01
0.000000000000000000e+00
2.685679912569999939e+00
2.186620712279999879e+00
2.685679912569999939e+00
2.186620712279999879e+00
2.685679912569999939e+00
2.186620712279999879e+00
2.685679912569999939e+00
2.685679912569999939e+00
8.926173448559999724e-01
8.926173448559999724e-01
9.982995390890000431e-01
2.186620712279999879e+00
2.685679912569999939e+00
2.685679912569999939e+00
2.685679912569999939e+00
2.685679912569999939e+00
2.186620712279999879e+00
2.186620712279999879e+00
2.988816738130000150e+00
8.926173448559999724e-01
2.685679912569999939e+00
2.186620712279999879e+00
2.186620712279999879e+00
2.685679912569999939e+00
2.685679912569999939e+00
2.685679912569999939e+00
2.988816738130000150e+00
