0.000000000000000000e+00
6.083057403559999798e+00
5.504361629489999963e+00
0.000000000000000000e+00
0.000000000000000000e+00
0.000000000000000000e+00
0.000000000000000000e+00
0.000000000000000000e+00
0.000000000000000000e+00
1.859596252440000042e+00
0.000000000000000000e+00
0.000000000000000000e+00
0.000000000000000000e+00
0.000000000000000000e+00
3.073631048200000215e+00
0.000000000000000000e+00
0.000000000000000000e+00
0.000000000000000000e+00
1.428730368609999912e+00
0.000000000000000000e+00
6.985751628880000119e+00
7.983058452609999911e+00
0.000000000000000000e+00
0.000000000000000000e+00
1.428730368609999912e+00
0.000000000000000000e+00
1.428730368609999912e+00
0.000000000000000000e+00
0.000000000000000000e+00
6.985751628880000119e+00
0.000000000000000000e+00
1.428730368609999912e+00
0.000000000000000000e+00
6.720437049870000124e+00
