9.988177418710000310e-01
9.984711408619999506e-01
9.984711408619999506e-01
1.490154027940000070e+00
0.000000000000000000e+00
9.984711408619999506e-01
1.249572157860000088e+00
1.249572157860000088e+00
1.859596252440000042e+00
9.984711408619999506e-01
9.984711408619999506e-01
0.000000000000000000e+00
1.249572157860000088e+00
9.988177418710000310e-01
9.984711408619999506e-01
9.988177418710000310e-01
9.411114454269999818e-01
9.988177418710000310e-01
1.301245927809999925e+00
0.000000000000000000e+00
9.411114454269999818e-01
9.411114454269999818e-01
9.411114454269999818e-01
8.341185569760000362e+00
1.506387329100000017e+01
7.966825008389999851e+00
7.966825008389999851e+00
9.984711408619999506e-01
9.984711408619999506e-01
9.984711408619999506e-01
1.841221094130000013e+00
9.411114454269999818e-01
0.000000000000000000e+00
1.249572157860000088e+00
0.000000000000000000e+00
9.411114454269999818e-01
9.411114454269999818e-01
9.984711408619999506e-01
0.000000000000000000e+00
9.411114454269999818e-01
1.893815279010000019e+00
0.000000000000000000e+00
0.000000000000000000e+00
0.000000000000000000e+00
1.301245927809999925e+00
0.000000000000000000e+00
9.411114454269999818e-01
7.966825008389999851e+00
1.803534507750000015e+00
9.984711408619999506e-01
9.984711408619999506e-01
9.984711408619999506e-01
9.411114454269999818e-01
1.841221094130000013e+00
1.301245927809999925e+00
0.000000000000000000e+00
9.411114454269999818e-01
9.411114454269999818e-01
7.966825008389999851e+00
9.984711408619999506e-01
9.984711408619999506e-01
0.000000000000000000e+00
1.803534507750000015e+00
1.803534507750000015e+00
9.984711408619999506e-01
9.411114454269999818e-01
0.000000000000000000e+00
0.000000000000000000e+00
0.000000000000000000e+00
0.000000000000000000e+00
0.000000000000000000e+00
1.893815279010000019e+00
1.269643306729999921e+00
1.841221094130000013e+00
1.859596252440000042e+00
9.984711408619999506e-01
9.411114454269999818e-01
9.984711408619999506e-01
9.984711408619999506e-01
9.411114454269999818e-01
1.301245927809999925e+00
0.000000000000000000e+00
9.411114454269999818e-01
9.984711408619999506e-01
9.984711408619999506e-01
9.411114454269999818e-01
0.000000000000000000e+00
1.893815279010000019e+00
9.984711408619999506e-01
1.841221094130000013e+00
0.000000000000000000e+00
0.000000000000000000e+00
0.000000000000000000e+00
1.784250020980000073e+00
9.411114454269999818e-01
2.235167503360000030e+00
2.235167503360000030e+00
0.000000000000000000e+00
9.411114454269999818e-01
7.966825008389999851e+00
2.432121753690000165e+00
2.235167503360000030e+00
0.000000000000000000e+00
9.984711408619999506e-01
0.000000000000000000e+00
0.000000000000000000e+00
0.000000000000000000e+00
0.000000000000000000e+00
1.606261634830000062e+01
0.000000000000000000e+00
2.997578144069999784e+00
9.411114454269999818e-01
0.000000000000000000e+00
3.981099128719999936e+00
0.000000000000000000e+00
0.000000000000000000e+00
0.000000000000000000e+00
1.803534507750000015e+00
0.000000000000000000e+00
0.000000000000000000e+00
9.982995390890000431e-01
0.000000000000000000e+00
0.000000000000000000e+00
0.000000000000000000e+00
0.000000000000000000e+00
2.235167503360000030e+00
9.515991210939999334e+00
0.000000000000000000e+00
6.011287212370000077e+00
9.411114454269999818e-01
0.000000000000000000e+00
1.784250020980000073e+00
0.000000000000000000e+00
0.000000000000000000e+00
0.000000000000000000e+00
9.116954803469999646e+00
7.898916006089999886e-01
9.411114454269999818e-01
6.292516708369999989e+00
9.979608654980000049e-01
0.000000000000000000e+00
1.577726459500000011e+01
7.679604887959999848e-01
0.000000000000000000e+00
1.606261634830000062e+01
1.994456648829999956e+00
1.994456648829999956e+00
1.994456648829999956e+00
2.432121753690000165e+00
1.784250020980000073e+00
1.577726459500000011e+01
0.000000000000000000e+00
1.606261634830000062e+01
0.000000000000000000e+00
2.235167503360000030e+00
9.515991210939999334e+00
9.116954803469999646e+00
1.606261634830000062e+01
0.000000000000000000e+00
0.000000000000000000e+00
0.000000000000000000e+00
0.000000000000000000e+00
1.606261634830000062e+01
3.809627532960000007e+00
9.116954803469999646e+00
