1.992144227030000048e+00
1.992144227030000048e+00
0.000000000000000000e+00
1.992144227030000048e+00
1.992144227030000048e+00
1.992144227030000048e+00
1.992144227030000048e+00
1.992144227030000048e+00
1.803534507750000015e+00
1.438107395169999947e+01
0.000000000000000000e+00
1.992144227030000048e+00
1.992144227030000048e+00
0.000000000000000000e+00
0.000000000000000000e+00
1.992144227030000048e+00
9.964087605479999832e-01
1.992144227030000048e+00
1.992144227030000048e+00
0.000000000000000000e+00
1.992144227030000048e+00
0.000000000000000000e+00
1.541759300230000029e+01
0.000000000000000000e+00
1.992144227030000048e+00
1.992144227030000048e+00
1.992144227030000048e+00
1.992144227030000048e+00
1.934440851209999979e+00
1.744870543480000036e+00
0.000000000000000000e+00
1.992144227030000048e+00
1.992144227030000048e+00
1.992144227030000048e+00
1.992144227030000048e+00
0.000000000000000000e+00
2.714298963550000110e+00
1.228892683980000067e+00
0.000000000000000000e+00
1.992144227030000048e+00
1.744870543480000036e+00
0.000000000000000000e+00
0.000000000000000000e+00
1.744870543480000036e+00
1.744870543480000036e+00
1.992144227030000048e+00
1.992144227030000048e+00
2.366779088970000000e+00
7.213063836099999904e-01
2.932981729509999802e+00
0.000000000000000000e+00
9.003770351409999817e-01
3.894755840300000216e+00
1.744870543480000036e+00
7.213063836099999904e-01
4.935274600979999704e+00
0.000000000000000000e+00
1.442586302760000105e+00
9.078629016879999902e-01
9.003770351409999817e-01
9.003770351409999817e-01
7.213063836099999904e-01
7.213063836099999904e-01
4.935274600979999704e+00
0.000000000000000000e+00
1.228892683980000067e+00
