0.000000000000000000e+00
7.679604887959999848e-01
7.679604887959999848e-01
0.000000000000000000e+00
9.411114454269999818e-01
7.679604887959999848e-01
0.000000000000000000e+00
0.000000000000000000e+00
1.263032317159999973e+00
7.679604887959999848e-01
7.679604887959999848e-01
0.000000000000000000e+00
0.000000000000000000e+00
0.000000000000000000e+00
0.000000000000000000e+00
0.000000000000000000e+00
0.000000000000000000e+00
0.000000000000000000e+00
1.301245927809999925e+00
9.411114454269999818e-01
0.000000000000000000e+00
0.000000000000000000e+00
0.000000000000000000e+00
9.116954803469999646e+00
1.619813728329999947e+01
8.724987983700000171e+00
8.724987983700000171e+00
7.679604887959999848e-01
7.679604887959999848e-01
7.679604887959999848e-01
9.986438751220000354e-01
0.000000000000000000e+00
0.000000000000000000e+00
0.000000000000000000e+00
0.000000000000000000e+00
0.000000000000000000e+00
0.000000000000000000e+00
7.679604887959999848e-01
9.411114454269999818e-01
0.000000000000000000e+00
9.954236745829999622e-01
0.000000000000000000e+00
0.000000000000000000e+00
0.000000000000000000e+00
1.301245927809999925e+00
9.411114454269999818e-01
0.000000000000000000e+00
8.724987983700000171e+00
0.000000000000000000e+00
7.679604887959999848e-01
7.679604887959999848e-01
7.679604887959999848e-01
0.000000000000000000e+00
9.986438751220000354e-01
1.301245927809999925e+00
0.000000000000000000e+00
0.000000000000000000e+00
0.000000000000000000e+00
8.724987983700000171e+00
7.679604887959999848e-01
7.679604887959999848e-01
0.000000000000000000e+00
0.000000000000000000e+00
0.000000000000000000e+00
7.679604887959999848e-01
0.000000000000000000e+00
9.958815574649999558e-01
0.000000000000000000e+00
0.000000000000000000e+00
9.411114454269999818e-01
1.367959618570000035e+00
9.954236745829999622e-01
1.841221094130000013e+00
9.986438751220000354e-01
1.263032317159999973e+00
7.679604887959999848e-01
0.000000000000000000e+00
7.679604887959999848e-01
7.679604887959999848e-01
0.000000000000000000e+00
1.301245927809999925e+00
9.411114454269999818e-01
0.000000000000000000e+00
7.679604887959999848e-01
7.679604887959999848e-01
0.000000000000000000e+00
1.994144797329999941e+00
9.954236745829999622e-01
7.679604887959999848e-01
9.986438751220000354e-01
0.000000000000000000e+00
9.411114454269999818e-01
0.000000000000000000e+00
0.000000000000000000e+00
0.000000000000000000e+00
0.000000000000000000e+00
0.000000000000000000e+00
1.994144797329999941e+00
0.000000000000000000e+00
8.724987983700000171e+00
0.000000000000000000e+00
0.000000000000000000e+00
0.000000000000000000e+00
7.679604887959999848e-01
0.000000000000000000e+00
9.411114454269999818e-01
1.367959618570000035e+00
9.958815574649999558e-01
1.538885784150000013e+01
0.000000000000000000e+00
0.000000000000000000e+00
0.000000000000000000e+00
9.411114454269999818e-01
0.000000000000000000e+00
9.411114454269999818e-01
9.411114454269999818e-01
9.958815574649999558e-01
0.000000000000000000e+00
9.411114454269999818e-01
9.958815574649999558e-01
9.984711408619999506e-01
0.000000000000000000e+00
0.000000000000000000e+00
9.411114454269999818e-01
0.000000000000000000e+00
0.000000000000000000e+00
1.033162879940000067e+01
0.000000000000000000e+00
2.998029232029999935e+00
0.000000000000000000e+00
9.411114454269999818e-01
0.000000000000000000e+00
0.000000000000000000e+00
1.263032317159999973e+00
0.000000000000000000e+00
9.921153068540000675e+00
9.981293678279999915e-01
0.000000000000000000e+00
7.065354347230000442e+00
9.979608654980000049e-01
0.000000000000000000e+00
1.507896518709999967e+01
0.000000000000000000e+00
9.411114454269999818e-01
1.538885784150000013e+01
0.000000000000000000e+00
0.000000000000000000e+00
0.000000000000000000e+00
0.000000000000000000e+00
0.000000000000000000e+00
1.507896518709999967e+01
0.000000000000000000e+00
1.538885784150000013e+01
0.000000000000000000e+00
0.000000000000000000e+00
1.033162879940000067e+01
9.921153068540000675e+00
1.538885784150000013e+01
0.000000000000000000e+00
0.000000000000000000e+00
0.000000000000000000e+00
0.000000000000000000e+00
1.538885784150000013e+01
1.379419088359999934e+00
9.921153068540000675e+00
