0.000000000000000000e+00
0.000000000000000000e+00
1.550185775759999984e+01
9.973070025439999542e-01
3.236570835110000210e+00
0.000000000000000000e+00
0.000000000000000000e+00
0.000000000000000000e+00
0.000000000000000000e+00
6.231340408330000358e+00
0.000000000000000000e+00
1.550185775759999984e+01
0.000000000000000000e+00
0.000000000000000000e+00
8.497932553289999635e-01
0.000000000000000000e+00
0.000000000000000000e+00
1.644450187680000042e+01
0.000000000000000000e+00
0.000000000000000000e+00
0.000000000000000000e+00
0.000000000000000000e+00
0.000000000000000000e+00
8.497932553289999635e-01
8.497932553289999635e-01
8.497932553289999635e-01
0.000000000000000000e+00
0.000000000000000000e+00
0.000000000000000000e+00
0.000000000000000000e+00
2.037549495699999991e+00
0.000000000000000000e+00
0.000000000000000000e+00
1.992679715159999976e+00
1.992679715159999976e+00
0.000000000000000000e+00
0.000000000000000000e+00
0.000000000000000000e+00
0.000000000000000000e+00
0.000000000000000000e+00
0.000000000000000000e+00
0.000000000000000000e+00
0.000000000000000000e+00
1.992679715159999976e+00
8.497932553289999635e-01
0.000000000000000000e+00
0.000000000000000000e+00
0.000000000000000000e+00
8.497932553289999635e-01
1.070674228670000083e+01
1.070674228670000083e+01
0.000000000000000000e+00
1.340359330180000086e+00
5.967211723330000162e+00
0.000000000000000000e+00
0.000000000000000000e+00
0.000000000000000000e+00
1.992679715159999976e+00
0.000000000000000000e+00
1.340359330180000086e+00
1.992679715159999976e+00
0.000000000000000000e+00
1.992679715159999976e+00
1.992679715159999976e+00
1.992679715159999976e+00
2.037549495699999991e+00
0.000000000000000000e+00
0.000000000000000000e+00
1.992679715159999976e+00
1.992679715159999976e+00
1.992679715159999976e+00
1.992679715159999976e+00
1.992679715159999976e+00
1.992679715159999976e+00
1.992679715159999976e+00
1.992679715159999976e+00
0.000000000000000000e+00
0.000000000000000000e+00
0.000000000000000000e+00
1.992679715159999976e+00
1.992679715159999976e+00
1.992679715159999976e+00
1.992679715159999976e+00
1.992679715159999976e+00
1.992679715159999976e+00
1.992679715159999976e+00
1.340359330180000086e+00
0.000000000000000000e+00
1.992679715159999976e+00
1.992679715159999976e+00
1.992679715159999976e+00
1.992679715159999976e+00
1.992679715159999976e+00
1.992679715159999976e+00
1.340359330180000086e+00
