0.000000000000000000e+00
0.000000000000000000e+00
1.543072319030000017e+01
1.307233095169999970e+00
3.921283960339999819e+00
0.000000000000000000e+00
0.000000000000000000e+00
0.000000000000000000e+00
0.000000000000000000e+00
6.833838462830000182e+00
0.000000000000000000e+00
1.543072319030000017e+01
0.000000000000000000e+00
0.000000000000000000e+00
9.973070025439999542e-01
0.000000000000000000e+00
0.000000000000000000e+00
1.638289070129999914e+01
0.000000000000000000e+00
0.000000000000000000e+00
0.000000000000000000e+00
0.000000000000000000e+00
0.000000000000000000e+00
9.973070025439999542e-01
9.973070025439999542e-01
9.973070025439999542e-01
0.000000000000000000e+00
0.000000000000000000e+00
0.000000000000000000e+00
0.000000000000000000e+00
2.183691263200000066e+00
0.000000000000000000e+00
0.000000000000000000e+00
1.992679715159999976e+00
1.992679715159999976e+00
0.000000000000000000e+00
0.000000000000000000e+00
0.000000000000000000e+00
0.000000000000000000e+00
0.000000000000000000e+00
0.000000000000000000e+00
0.000000000000000000e+00
0.000000000000000000e+00
1.992679715159999976e+00
9.973070025439999542e-01
0.000000000000000000e+00
0.000000000000000000e+00
0.000000000000000000e+00
9.973070025439999542e-01
1.877642393109999919e+00
1.877642393109999919e+00
0.000000000000000000e+00
1.340359330180000086e+00
6.961647987370000124e+00
9.944547414779999484e-01
0.000000000000000000e+00
0.000000000000000000e+00
1.992679715159999976e+00
0.000000000000000000e+00
1.340359330180000086e+00
1.992679715159999976e+00
0.000000000000000000e+00
1.992679715159999976e+00
1.992679715159999976e+00
1.992679715159999976e+00
2.183691263200000066e+00
0.000000000000000000e+00
0.000000000000000000e+00
1.992679715159999976e+00
1.992679715159999976e+00
1.992679715159999976e+00
1.992679715159999976e+00
1.992679715159999976e+00
1.992679715159999976e+00
1.992679715159999976e+00
1.992679715159999976e+00
0.000000000000000000e+00
0.000000000000000000e+00
0.000000000000000000e+00
1.992679715159999976e+00
1.992679715159999976e+00
1.992679715159999976e+00
1.992679715159999976e+00
1.992679715159999976e+00
1.992679715159999976e+00
1.992679715159999976e+00
1.340359330180000086e+00
0.000000000000000000e+00
1.992679715159999976e+00
1.992679715159999976e+00
1.992679715159999976e+00
1.992679715159999976e+00
1.992679715159999976e+00
1.992679715159999976e+00
1.340359330180000086e+00
