0.000000000000000000e+00
0.000000000000000000e+00
9.258462905880000093e+00
7.344202041630000011e+00
2.146969318390000048e+00
0.000000000000000000e+00
2.146969318390000048e+00
3.033327102659999941e+00
8.296275138849999564e+00
6.711180686949999696e+00
0.000000000000000000e+00
7.002730846410000431e+00
3.292632102969999863e+00
1.107950019839999989e+01
7.002730846410000431e+00
8.296858787539999724e+00
2.146969318390000048e+00
8.296858787539999724e+00
7.344202041630000011e+00
2.994899988169999805e+00
3.221299171450000109e+00
1.107950019839999989e+01
1.107950019839999989e+01
1.107950019839999989e+01
1.107950019839999989e+01
7.690498352049999653e+00
8.296858787539999724e+00
8.296275138849999564e+00
0.000000000000000000e+00
2.146969318390000048e+00
3.377154111859999919e+00
1.147829246519999913e+01
1.107950019839999989e+01
7.344202041630000011e+00
7.989864826199999825e+00
2.146969318390000048e+00
3.221299171450000109e+00
3.221299171450000109e+00
3.377154111859999919e+00
4.166646003720000380e+00
3.221299171450000109e+00
1.107950019839999989e+01
1.135659122470000071e+01
6.184543132780000008e+00
0.000000000000000000e+00
2.146969318390000048e+00
3.221299171450000109e+00
3.105158329009999996e+00
1.107950019839999989e+01
9.981293678279999915e-01
3.221299171450000109e+00
0.000000000000000000e+00
8.296275138849999564e+00
8.296858787539999724e+00
2.146969318390000048e+00
2.146969318390000048e+00
1.996428847310000032e+00
3.377154111859999919e+00
4.029694080349999652e+00
1.147829246519999913e+01
6.990521430970000338e+00
9.981293678279999915e-01
0.000000000000000000e+00
0.000000000000000000e+00
1.147829246519999913e+01
1.107950019839999989e+01
1.107950019839999989e+01
6.990521430970000338e+00
0.000000000000000000e+00
3.292632102969999863e+00
8.230907440190000202e+00
7.002730846410000431e+00
2.146969318390000048e+00
1.996428847310000032e+00
7.989864826199999825e+00
1.996428847310000032e+00
2.146969318390000048e+00
0.000000000000000000e+00
4.029694080349999652e+00
1.190299224850000037e+01
7.002730846410000431e+00
7.344202041630000011e+00
2.146969318390000048e+00
0.000000000000000000e+00
7.002730846410000431e+00
0.000000000000000000e+00
7.344202041630000011e+00
9.951309561729999587e-01
2.146969318390000048e+00
9.981293678279999915e-01
9.981293678279999915e-01
1.996428847310000032e+00
1.996428847310000032e+00
7.002730846410000431e+00
9.981293678279999915e-01
9.981293678279999915e-01
1.996428847310000032e+00
2.146969318390000048e+00
7.002730846410000431e+00
7.989864826199999825e+00
7.989864826199999825e+00
6.040232181550000412e+00
7.932073593140000156e+00
7.344202041630000011e+00
7.002730846410000431e+00
0.000000000000000000e+00
1.996428847310000032e+00
7.002730846410000431e+00
6.990521430970000338e+00
7.690498352049999653e+00
8.230907440190000202e+00
6.990521430970000338e+00
7.344202041630000011e+00
7.344202041630000011e+00
0.000000000000000000e+00
7.344202041630000011e+00
8.296275138849999564e+00
2.146969318390000048e+00
