0.000000000000000000e+00
0.000000000000000000e+00
0.000000000000000000e+00
0.000000000000000000e+00
1.864686846729999958e+00
9.622426033019999991e+00
2.281579017639999929e+00
0.000000000000000000e+00
0.000000000000000000e+00
1.034638881679999933e+01
0.000000000000000000e+00
1.235841393470000105e+00
1.039853000639999969e+01
1.235841393470000105e+00
0.000000000000000000e+00
1.045448112489999914e+01
1.045448112489999914e+01
1.235841393470000105e+00
1.912698745729999983e+00
0.000000000000000000e+00
1.045448112489999914e+01
1.912698745729999983e+00
0.000000000000000000e+00
0.000000000000000000e+00
1.045448112489999914e+01
0.000000000000000000e+00
0.000000000000000000e+00
1.045448112489999914e+01
1.039853000639999969e+01
1.001237869259999913e+00
0.000000000000000000e+00
1.912698745729999983e+00
1.912698745729999983e+00
0.000000000000000000e+00
1.912698745729999983e+00
0.000000000000000000e+00
1.912698745729999983e+00
2.232253074650000002e+00
0.000000000000000000e+00
1.912698745729999983e+00
1.301245927809999925e+00
1.301245927809999925e+00
0.000000000000000000e+00
1.912698745729999983e+00
2.232253074650000002e+00
3.988295555110000112e+00
0.000000000000000000e+00
0.000000000000000000e+00
1.034638881679999933e+01
4.079652309420000122e+00
1.301245927809999925e+00
1.301245927809999925e+00
0.000000000000000000e+00
1.034638881679999933e+01
0.000000000000000000e+00
1.912698745729999983e+00
0.000000000000000000e+00
1.912698745729999983e+00
1.301245927809999925e+00
0.000000000000000000e+00
1.045448112489999914e+01
8.745490074159999239e+00
0.000000000000000000e+00
1.912698745729999983e+00
0.000000000000000000e+00
0.000000000000000000e+00
0.000000000000000000e+00
