0.000000000000000000e+00
0.000000000000000000e+00
6.839826107030000379e-01
0.000000000000000000e+00
0.000000000000000000e+00
0.000000000000000000e+00
0.000000000000000000e+00
3.221299171450000109e+00
0.000000000000000000e+00
1.228892683980000067e+00
0.000000000000000000e+00
0.000000000000000000e+00
0.000000000000000000e+00
5.886728286740000371e+00
0.000000000000000000e+00
0.000000000000000000e+00
0.000000000000000000e+00
0.000000000000000000e+00
0.000000000000000000e+00
7.679604887959999848e-01
3.567483663560000018e+00
5.886728286740000371e+00
5.886728286740000371e+00
5.886728286740000371e+00
5.886728286740000371e+00
6.839826107030000379e-01
0.000000000000000000e+00
0.000000000000000000e+00
0.000000000000000000e+00
0.000000000000000000e+00
3.787048339840000111e+00
6.352300167080000115e+00
5.886728286740000371e+00
0.000000000000000000e+00
7.090813517570000446e-01
0.000000000000000000e+00
3.567483663560000018e+00
3.567483663560000018e+00
3.787048339840000111e+00
4.427727222439999721e+00
3.567483663560000018e+00
5.886728286740000371e+00
6.985075950619999752e+00
7.333104014400000370e-01
0.000000000000000000e+00
0.000000000000000000e+00
3.567483663560000018e+00
3.377154111859999919e+00
5.886728286740000371e+00
0.000000000000000000e+00
3.567483663560000018e+00
1.992144227030000048e+00
0.000000000000000000e+00
0.000000000000000000e+00
0.000000000000000000e+00
0.000000000000000000e+00
0.000000000000000000e+00
3.787048339840000111e+00
4.166646003720000380e+00
6.352300167080000115e+00
1.228892683980000067e+00
0.000000000000000000e+00
0.000000000000000000e+00
0.000000000000000000e+00
6.352300167080000115e+00
5.886728286740000371e+00
5.886728286740000371e+00
1.744870543480000036e+00
0.000000000000000000e+00
0.000000000000000000e+00
0.000000000000000000e+00
0.000000000000000000e+00
0.000000000000000000e+00
0.000000000000000000e+00
7.090813517570000446e-01
0.000000000000000000e+00
0.000000000000000000e+00
0.000000000000000000e+00
4.166646003720000380e+00
7.422458648680000159e+00
0.000000000000000000e+00
0.000000000000000000e+00
0.000000000000000000e+00
0.000000000000000000e+00
0.000000000000000000e+00
0.000000000000000000e+00
0.000000000000000000e+00
0.000000000000000000e+00
0.000000000000000000e+00
0.000000000000000000e+00
0.000000000000000000e+00
0.000000000000000000e+00
0.000000000000000000e+00
0.000000000000000000e+00
0.000000000000000000e+00
0.000000000000000000e+00
0.000000000000000000e+00
0.000000000000000000e+00
0.000000000000000000e+00
7.090813517570000446e-01
7.090813517570000446e-01
1.242736935619999983e+00
0.000000000000000000e+00
0.000000000000000000e+00
0.000000000000000000e+00
0.000000000000000000e+00
0.000000000000000000e+00
0.000000000000000000e+00
1.744870543480000036e+00
6.839826107030000379e-01
0.000000000000000000e+00
1.744870543480000036e+00
0.000000000000000000e+00
0.000000000000000000e+00
0.000000000000000000e+00
0.000000000000000000e+00
0.000000000000000000e+00
0.000000000000000000e+00
