0.000000000000000000e+00
0.000000000000000000e+00
0.000000000000000000e+00
0.000000000000000000e+00
1.335196375850000061e+00
1.305608844760000053e+01
1.912698745729999983e+00
1.111359214780000038e+01
2.585898637770000175e+00
0.000000000000000000e+00
1.912698745729999983e+00
0.000000000000000000e+00
0.000000000000000000e+00
1.094784736629999955e+01
2.786827564240000221e+00
1.993784785269999915e+00
2.585898637770000175e+00
2.585898637770000175e+00
2.786827564240000221e+00
0.000000000000000000e+00
1.094784736629999955e+01
2.214756250379999791e+00
2.786827564240000221e+00
1.735419869420000039e+00
1.841221094130000013e+00
1.094784736629999955e+01
1.111359214780000038e+01
9.981293678279999915e-01
9.986438751220000354e-01
2.786827564240000221e+00
1.912698745729999983e+00
1.111359214780000038e+01
1.079414653779999966e+01
2.775145292279999953e+00
3.323130369189999822e+00
1.912698745729999983e+00
2.059084415440000093e+00
2.059084415440000093e+00
0.000000000000000000e+00
0.000000000000000000e+00
0.000000000000000000e+00
1.094784736629999955e+01
1.094784736629999955e+01
1.111359214780000038e+01
2.571426391600000194e+00
8.677182793619999668e-01
1.079414653779999966e+01
1.094784736629999955e+01
1.111359214780000038e+01
1.094784736629999955e+01
0.000000000000000000e+00
1.094784736629999955e+01
1.111359214780000038e+01
1.094784736629999955e+01
1.912698745729999983e+00
1.094784736629999955e+01
1.094784736629999955e+01
1.094784736629999955e+01
1.094784736629999955e+01
1.094784736629999955e+01
8.677182793619999668e-01
1.111359214780000038e+01
1.111359214780000038e+01
1.912698745729999983e+00
1.912698745729999983e+00
0.000000000000000000e+00
0.000000000000000000e+00
1.094784736629999955e+01
1.094784736629999955e+01
1.094784736629999955e+01
1.094784736629999955e+01
1.094784736629999955e+01
1.111359214780000038e+01
1.079414653779999966e+01
1.094784736629999955e+01
0.000000000000000000e+00
5.228243350979999704e+00
1.912698745729999983e+00
1.094784736629999955e+01
6.052138328549999891e+00
1.094784736629999955e+01
0.000000000000000000e+00
0.000000000000000000e+00
5.228243350979999704e+00
6.052138328549999891e+00
6.052138328549999891e+00
