2.685679912569999939e+00
2.186620712279999879e+00
0.000000000000000000e+00
2.685679912569999939e+00
2.685679912569999939e+00
2.186620712279999879e+00
2.685679912569999939e+00
2.685679912569999939e+00
1.803534507750000015e+00
1.677989196780000114e+01
0.000000000000000000e+00
2.685679912569999939e+00
2.186620712279999879e+00
3.587884664540000212e+00
7.566409111020000466e-01
2.685679912569999939e+00
1.340359330180000086e+00
2.685679912569999939e+00
2.685679912569999939e+00
7.566409111020000466e-01
2.685679912569999939e+00
7.566409111020000466e-01
1.607853889469999942e+01
0.000000000000000000e+00
2.685679912569999939e+00
2.186620712279999879e+00
2.186620712279999879e+00
2.685679912569999939e+00
0.000000000000000000e+00
0.000000000000000000e+00
0.000000000000000000e+00
2.186620712279999879e+00
2.685679912569999939e+00
2.685679912569999939e+00
2.685679912569999939e+00
6.711164712910000496e-01
5.370664596560000170e+00
1.228892683980000067e+00
0.000000000000000000e+00
2.685679912569999939e+00
0.000000000000000000e+00
0.000000000000000000e+00
0.000000000000000000e+00
0.000000000000000000e+00
0.000000000000000000e+00
2.186620712279999879e+00
2.685679912569999939e+00
7.090813517570000446e-01
7.213063836099999904e-01
2.124647378920000218e+00
0.000000000000000000e+00
9.964087605479999832e-01
1.263032317159999973e+00
0.000000000000000000e+00
7.213063836099999904e-01
0.000000000000000000e+00
0.000000000000000000e+00
9.993430972100000309e-01
1.345368385310000026e+00
9.964087605479999832e-01
9.964087605479999832e-01
7.213063836099999904e-01
7.213063836099999904e-01
0.000000000000000000e+00
0.000000000000000000e+00
1.228892683980000067e+00
