0.000000000000000000e+00
0.000000000000000000e+00
1.207805871959999999e+00
0.000000000000000000e+00
0.000000000000000000e+00
0.000000000000000000e+00
0.000000000000000000e+00
3.033327102659999941e+00
0.000000000000000000e+00
1.228892683980000067e+00
0.000000000000000000e+00
2.299466848369999816e+00
3.292632102969999863e+00
5.886728286740000371e+00
1.704513072969999987e+00
2.299466848369999816e+00
0.000000000000000000e+00
2.299466848369999816e+00
0.000000000000000000e+00
9.984711408619999506e-01
3.221299171450000109e+00
5.886728286740000371e+00
5.886728286740000371e+00
5.886728286740000371e+00
5.886728286740000371e+00
1.214866995810000017e+00
2.299466848369999816e+00
0.000000000000000000e+00
0.000000000000000000e+00
0.000000000000000000e+00
3.377154111859999919e+00
6.352300167080000115e+00
5.886728286740000371e+00
0.000000000000000000e+00
9.995188117030000541e-01
0.000000000000000000e+00
3.221299171450000109e+00
3.221299171450000109e+00
3.377154111859999919e+00
4.166646003720000380e+00
3.221299171450000109e+00
5.886728286740000371e+00
6.985075950619999752e+00
2.998029232029999935e+00
0.000000000000000000e+00
0.000000000000000000e+00
3.221299171450000109e+00
3.105158329009999996e+00
5.886728286740000371e+00
0.000000000000000000e+00
3.221299171450000109e+00
0.000000000000000000e+00
0.000000000000000000e+00
2.299466848369999816e+00
0.000000000000000000e+00
0.000000000000000000e+00
0.000000000000000000e+00
3.377154111859999919e+00
4.029694080349999652e+00
6.352300167080000115e+00
1.744870543480000036e+00
0.000000000000000000e+00
0.000000000000000000e+00
0.000000000000000000e+00
6.352300167080000115e+00
5.886728286740000371e+00
5.886728286740000371e+00
1.998861908909999929e+00
0.000000000000000000e+00
3.292632102969999863e+00
0.000000000000000000e+00
9.996944665910000305e-01
0.000000000000000000e+00
0.000000000000000000e+00
9.995188117030000541e-01
0.000000000000000000e+00
0.000000000000000000e+00
0.000000000000000000e+00
4.029694080349999652e+00
7.422458648680000159e+00
9.996944665910000305e-01
0.000000000000000000e+00
0.000000000000000000e+00
0.000000000000000000e+00
9.996944665910000305e-01
0.000000000000000000e+00
0.000000000000000000e+00
0.000000000000000000e+00
0.000000000000000000e+00
0.000000000000000000e+00
0.000000000000000000e+00
0.000000000000000000e+00
0.000000000000000000e+00
9.996944665910000305e-01
0.000000000000000000e+00
0.000000000000000000e+00
0.000000000000000000e+00
0.000000000000000000e+00
9.996944665910000305e-01
9.995188117030000541e-01
9.995188117030000541e-01
2.998029232029999935e+00
0.000000000000000000e+00
0.000000000000000000e+00
9.996944665910000305e-01
0.000000000000000000e+00
0.000000000000000000e+00
9.996944665910000305e-01
1.998861908909999929e+00
1.214866995810000017e+00
0.000000000000000000e+00
1.998861908909999929e+00
0.000000000000000000e+00
0.000000000000000000e+00
0.000000000000000000e+00
0.000000000000000000e+00
0.000000000000000000e+00
0.000000000000000000e+00
