-1.120655162768758970e+02 6.918559768465448201e+01
1.089782846305181465e+02 3.372144026987462695e+01
-4.290265498103388353e+01 -3.979613849455256869e+00
-9.049196202238603348e+01 3.967452329359329610e+01
4.920463640357100488e+00 1.827122233834838383e+01
6.559405857820220831e+01 1.414719105809396282e+01
-6.257624855290884369e+01 -3.881463300177094400e+00
1.290630765686360917e+02 -7.253319532689306470e+01
6.743590082565305011e+01 1.195849278033275453e+01
1.321603033995272938e+02 -6.905234326316175952e+01
1.994899465805588434e+01 1.040195471533408167e+01
-1.068182366673107708e+02 3.794533401010225759e+01
