0.000000000000000000e+00
0.000000000000000000e+00
1.221898794169999913e+00
0.000000000000000000e+00
0.000000000000000000e+00
0.000000000000000000e+00
0.000000000000000000e+00
2.358809089660000069e+01
0.000000000000000000e+00
0.000000000000000000e+00
0.000000000000000000e+00
6.966388225559999592e-01
1.578450679780000065e+01
9.719657897950000347e+00
0.000000000000000000e+00
0.000000000000000000e+00
0.000000000000000000e+00
0.000000000000000000e+00
0.000000000000000000e+00
0.000000000000000000e+00
2.341027641299999829e+01
9.719657897950000347e+00
9.719657897950000347e+00
9.719657897950000347e+00
9.719657897950000347e+00
0.000000000000000000e+00
0.000000000000000000e+00
0.000000000000000000e+00
0.000000000000000000e+00
0.000000000000000000e+00
2.333420753480000087e+01
9.175441741940000284e+00
9.719657897950000347e+00
0.000000000000000000e+00
0.000000000000000000e+00
0.000000000000000000e+00
2.341027641299999829e+01
2.341027641299999829e+01
2.333420753480000087e+01
2.341027641299999829e+01
2.341027641299999829e+01
9.719657897950000347e+00
9.175441741940000284e+00
0.000000000000000000e+00
0.000000000000000000e+00
0.000000000000000000e+00
2.341027641299999829e+01
2.349494171139999921e+01
9.719657897950000347e+00
0.000000000000000000e+00
2.341027641299999829e+01
0.000000000000000000e+00
0.000000000000000000e+00
0.000000000000000000e+00
0.000000000000000000e+00
0.000000000000000000e+00
0.000000000000000000e+00
2.333420753480000087e+01
2.358809089660000069e+01
9.719657897950000347e+00
0.000000000000000000e+00
0.000000000000000000e+00
0.000000000000000000e+00
0.000000000000000000e+00
9.175441741940000284e+00
9.719657897950000347e+00
9.719657897950000347e+00
0.000000000000000000e+00
0.000000000000000000e+00
1.578450679780000065e+01
0.000000000000000000e+00
0.000000000000000000e+00
0.000000000000000000e+00
0.000000000000000000e+00
0.000000000000000000e+00
0.000000000000000000e+00
0.000000000000000000e+00
0.000000000000000000e+00
2.358809089660000069e+01
8.632380485529999703e+00
0.000000000000000000e+00
0.000000000000000000e+00
0.000000000000000000e+00
6.537031173709999976e+00
0.000000000000000000e+00
6.537031173709999976e+00
0.000000000000000000e+00
6.537031173709999976e+00
0.000000000000000000e+00
0.000000000000000000e+00
0.000000000000000000e+00
0.000000000000000000e+00
0.000000000000000000e+00
0.000000000000000000e+00
0.000000000000000000e+00
0.000000000000000000e+00
0.000000000000000000e+00
0.000000000000000000e+00
0.000000000000000000e+00
0.000000000000000000e+00
0.000000000000000000e+00
0.000000000000000000e+00
7.213063836099999904e-01
0.000000000000000000e+00
0.000000000000000000e+00
0.000000000000000000e+00
0.000000000000000000e+00
0.000000000000000000e+00
0.000000000000000000e+00
0.000000000000000000e+00
0.000000000000000000e+00
0.000000000000000000e+00
0.000000000000000000e+00
0.000000000000000000e+00
0.000000000000000000e+00
0.000000000000000000e+00
0.000000000000000000e+00
0.000000000000000000e+00
