1.998861908909999929e+00
1.724805951120000014e+00
1.724805951120000014e+00
2.117061853410000083e+00
2.988025903700000097e+00
7.090813517570000446e-01
2.998556613919999947e+00
2.998556613919999947e+00
9.993430972100000309e-01
1.724805951120000014e+00
1.724805951120000014e+00
1.909008979800000105e+01
2.998556613919999947e+00
1.998861908909999929e+00
7.090813517570000446e-01
1.998861908909999929e+00
1.991888761520000051e+00
1.998861908909999929e+00
0.000000000000000000e+00
1.991888761520000051e+00
1.991888761520000051e+00
1.991888761520000051e+00
1.991888761520000051e+00
9.703308105470000555e+00
2.212150001530000054e+01
9.703308105470000555e+00
9.703308105470000555e+00
1.724805951120000014e+00
1.724805951120000014e+00
1.724805951120000014e+00
9.993430972100000309e-01
1.991888761520000051e+00
0.000000000000000000e+00
2.436630249019999805e+00
0.000000000000000000e+00
1.991888761520000051e+00
1.991888761520000051e+00
1.724805951120000014e+00
2.988025903700000097e+00
1.991888761520000051e+00
3.424450874330000172e+00
0.000000000000000000e+00
0.000000000000000000e+00
0.000000000000000000e+00
0.000000000000000000e+00
2.988025903700000097e+00
1.991888761520000051e+00
9.703308105470000555e+00
2.998556613919999947e+00
1.724805951120000014e+00
1.724805951120000014e+00
1.724805951120000014e+00
1.991888761520000051e+00
9.993430972100000309e-01
0.000000000000000000e+00
0.000000000000000000e+00
1.991888761520000051e+00
1.991888761520000051e+00
9.703308105470000555e+00
1.724805951120000014e+00
1.724805951120000014e+00
0.000000000000000000e+00
1.724805951120000014e+00
2.436630249019999805e+00
9.993430972100000309e-01
1.991888761520000051e+00
3.984296798709999976e+00
0.000000000000000000e+00
0.000000000000000000e+00
1.991888761520000051e+00
2.988025903700000097e+00
3.424450874330000172e+00
0.000000000000000000e+00
9.993430972100000309e-01
9.993430972100000309e-01
7.090813517570000446e-01
1.991888761520000051e+00
1.221898794169999913e+00
1.724805951120000014e+00
2.988025903700000097e+00
0.000000000000000000e+00
1.991888761520000051e+00
2.988025903700000097e+00
1.724805951120000014e+00
1.724805951120000014e+00
1.991888761520000051e+00
0.000000000000000000e+00
3.424450874330000172e+00
1.724805951120000014e+00
9.993430972100000309e-01
0.000000000000000000e+00
1.991888761520000051e+00
3.998426437380000031e+00
1.704513072969999987e+00
1.991888761520000051e+00
3.077432870860000058e+00
2.999083280559999842e+00
0.000000000000000000e+00
1.991888761520000051e+00
9.703308105470000555e+00
2.998556613919999947e+00
2.117061853410000083e+00
0.000000000000000000e+00
1.724805951120000014e+00
0.000000000000000000e+00
2.988025903700000097e+00
3.984296798709999976e+00
3.984296798709999976e+00
1.808045578000000120e+01
0.000000000000000000e+00
2.998556613919999947e+00
2.988025903700000097e+00
1.991888761520000051e+00
0.000000000000000000e+00
2.988025903700000097e+00
2.988025903700000097e+00
3.984296798709999976e+00
1.724805951120000014e+00
1.991888761520000051e+00
3.984296798709999976e+00
0.000000000000000000e+00
0.000000000000000000e+00
0.000000000000000000e+00
1.991888761520000051e+00
0.000000000000000000e+00
1.999213337900000109e+00
9.961926460269999950e+00
0.000000000000000000e+00
7.973170280459999759e+00
2.988025903700000097e+00
2.988025903700000097e+00
2.422532558439999928e+00
0.000000000000000000e+00
0.000000000000000000e+00
2.837400674820000024e+00
1.061228561399999926e+01
0.000000000000000000e+00
1.991888761520000051e+00
7.857007503510000213e+00
0.000000000000000000e+00
2.837400674820000024e+00
1.777765083310000094e+01
0.000000000000000000e+00
2.988025903700000097e+00
1.777765083310000094e+01
0.000000000000000000e+00
0.000000000000000000e+00
0.000000000000000000e+00
1.999213337900000109e+00
2.422532558439999928e+00
1.777765083310000094e+01
0.000000000000000000e+00
1.808045578000000120e+01
0.000000000000000000e+00
2.117061853410000083e+00
1.061228561399999926e+01
1.061228561399999926e+01
1.777765083310000094e+01
0.000000000000000000e+00
0.000000000000000000e+00
0.000000000000000000e+00
0.000000000000000000e+00
1.808045578000000120e+01
0.000000000000000000e+00
1.061228561399999926e+01
