0.000000000000000000e+00
2.747716188430000095e+00
9.995188117030000541e-01
0.000000000000000000e+00
0.000000000000000000e+00
0.000000000000000000e+00
0.000000000000000000e+00
2.006821393970000145e+00
0.000000000000000000e+00
0.000000000000000000e+00
3.408374786380000021e+00
0.000000000000000000e+00
6.095136642459999976e+00
1.053611850739999944e+01
0.000000000000000000e+00
0.000000000000000000e+00
0.000000000000000000e+00
0.000000000000000000e+00
0.000000000000000000e+00
0.000000000000000000e+00
2.006821393970000145e+00
1.053611850739999944e+01
1.053611850739999944e+01
1.053611850739999944e+01
1.053611850739999944e+01
0.000000000000000000e+00
0.000000000000000000e+00
0.000000000000000000e+00
2.747716188430000095e+00
0.000000000000000000e+00
2.006821393970000145e+00
1.105693626400000085e+01
1.053611850739999944e+01
0.000000000000000000e+00
0.000000000000000000e+00
0.000000000000000000e+00
2.006821393970000145e+00
2.006821393970000145e+00
2.006821393970000145e+00
2.006821393970000145e+00
2.006821393970000145e+00
1.053611850739999944e+01
1.105693626400000085e+01
0.000000000000000000e+00
2.747716188430000095e+00
0.000000000000000000e+00
2.006821393970000145e+00
2.006821393970000145e+00
1.053611850739999944e+01
0.000000000000000000e+00
2.006821393970000145e+00
0.000000000000000000e+00
0.000000000000000000e+00
0.000000000000000000e+00
0.000000000000000000e+00
0.000000000000000000e+00
0.000000000000000000e+00
2.006821393970000145e+00
2.006821393970000145e+00
1.053611850739999944e+01
0.000000000000000000e+00
0.000000000000000000e+00
3.132205963130000104e+00
2.747716188430000095e+00
1.105693626400000085e+01
1.053611850739999944e+01
1.053611850739999944e+01
0.000000000000000000e+00
0.000000000000000000e+00
6.095136642459999976e+00
0.000000000000000000e+00
0.000000000000000000e+00
0.000000000000000000e+00
0.000000000000000000e+00
0.000000000000000000e+00
0.000000000000000000e+00
0.000000000000000000e+00
2.747716188430000095e+00
2.006821393970000145e+00
1.157423782350000074e+01
0.000000000000000000e+00
0.000000000000000000e+00
0.000000000000000000e+00
7.851918697360000365e+00
0.000000000000000000e+00
7.851918697360000365e+00
0.000000000000000000e+00
7.851918697360000365e+00
0.000000000000000000e+00
0.000000000000000000e+00
0.000000000000000000e+00
0.000000000000000000e+00
0.000000000000000000e+00
0.000000000000000000e+00
0.000000000000000000e+00
0.000000000000000000e+00
0.000000000000000000e+00
0.000000000000000000e+00
0.000000000000000000e+00
0.000000000000000000e+00
0.000000000000000000e+00
0.000000000000000000e+00
0.000000000000000000e+00
0.000000000000000000e+00
0.000000000000000000e+00
2.747716188430000095e+00
0.000000000000000000e+00
0.000000000000000000e+00
0.000000000000000000e+00
0.000000000000000000e+00
0.000000000000000000e+00
0.000000000000000000e+00
0.000000000000000000e+00
0.000000000000000000e+00
2.747716188430000095e+00
0.000000000000000000e+00
0.000000000000000000e+00
0.000000000000000000e+00
