0.000000000000000000e+00
0.000000000000000000e+00
7.380410194399999568e+00
0.000000000000000000e+00
0.000000000000000000e+00
0.000000000000000000e+00
0.000000000000000000e+00
0.000000000000000000e+00
0.000000000000000000e+00
1.308259010309999937e+01
8.142549514769999774e+00
0.000000000000000000e+00
0.000000000000000000e+00
0.000000000000000000e+00
8.940701484679999922e+00
0.000000000000000000e+00
0.000000000000000000e+00
0.000000000000000000e+00
0.000000000000000000e+00
8.940701484679999922e+00
0.000000000000000000e+00
8.940701484679999922e+00
1.403163814540000054e+01
7.380410194399999568e+00
0.000000000000000000e+00
0.000000000000000000e+00
0.000000000000000000e+00
0.000000000000000000e+00
0.000000000000000000e+00
2.199827194210000059e+00
1.576604843139999979e+01
0.000000000000000000e+00
0.000000000000000000e+00
0.000000000000000000e+00
0.000000000000000000e+00
2.690451145169999947e+00
0.000000000000000000e+00
7.213063836099999904e-01
7.380410194399999568e+00
0.000000000000000000e+00
2.932981729509999802e+00
6.973951339720000142e+00
0.000000000000000000e+00
2.932981729509999802e+00
2.932981729509999802e+00
0.000000000000000000e+00
0.000000000000000000e+00
2.932981729509999802e+00
0.000000000000000000e+00
0.000000000000000000e+00
1.576604843139999979e+01
0.000000000000000000e+00
2.401401519779999827e+00
2.199827194210000059e+00
0.000000000000000000e+00
2.175318145749999843e+01
0.000000000000000000e+00
2.235167503360000030e+00
0.000000000000000000e+00
0.000000000000000000e+00
0.000000000000000000e+00
0.000000000000000000e+00
7.450897097590000184e-01
2.175318145749999843e+01
0.000000000000000000e+00
7.333104014400000370e-01
