0.000000000000000000e+00
9.411114454269999818e-01
0.000000000000000000e+00
0.000000000000000000e+00
0.000000000000000000e+00
0.000000000000000000e+00
0.000000000000000000e+00
0.000000000000000000e+00
0.000000000000000000e+00
0.000000000000000000e+00
9.286561012270000415e-01
0.000000000000000000e+00
1.998159885410000003e+00
3.211235284809999868e+00
0.000000000000000000e+00
0.000000000000000000e+00
0.000000000000000000e+00
0.000000000000000000e+00
0.000000000000000000e+00
0.000000000000000000e+00
0.000000000000000000e+00
3.211235284809999868e+00
3.211235284809999868e+00
3.211235284809999868e+00
3.211235284809999868e+00
0.000000000000000000e+00
0.000000000000000000e+00
0.000000000000000000e+00
9.411114454269999818e-01
0.000000000000000000e+00
0.000000000000000000e+00
3.056916236879999804e+00
3.211235284809999868e+00
0.000000000000000000e+00
0.000000000000000000e+00
0.000000000000000000e+00
0.000000000000000000e+00
0.000000000000000000e+00
0.000000000000000000e+00
0.000000000000000000e+00
0.000000000000000000e+00
3.211235284809999868e+00
3.056916236879999804e+00
0.000000000000000000e+00
9.411114454269999818e-01
0.000000000000000000e+00
0.000000000000000000e+00
0.000000000000000000e+00
3.211235284809999868e+00
0.000000000000000000e+00
0.000000000000000000e+00
0.000000000000000000e+00
0.000000000000000000e+00
0.000000000000000000e+00
0.000000000000000000e+00
0.000000000000000000e+00
0.000000000000000000e+00
0.000000000000000000e+00
0.000000000000000000e+00
3.211235284809999868e+00
0.000000000000000000e+00
0.000000000000000000e+00
9.350256919860000515e-01
9.411114454269999818e-01
3.056916236879999804e+00
3.211235284809999868e+00
3.211235284809999868e+00
0.000000000000000000e+00
0.000000000000000000e+00
1.998159885410000003e+00
0.000000000000000000e+00
0.000000000000000000e+00
0.000000000000000000e+00
0.000000000000000000e+00
0.000000000000000000e+00
0.000000000000000000e+00
0.000000000000000000e+00
9.411114454269999818e-01
0.000000000000000000e+00
3.003711462020000056e+00
0.000000000000000000e+00
0.000000000000000000e+00
0.000000000000000000e+00
5.853619098660000297e+00
0.000000000000000000e+00
5.853619098660000297e+00
0.000000000000000000e+00
5.853619098660000297e+00
0.000000000000000000e+00
0.000000000000000000e+00
0.000000000000000000e+00
0.000000000000000000e+00
0.000000000000000000e+00
0.000000000000000000e+00
0.000000000000000000e+00
0.000000000000000000e+00
0.000000000000000000e+00
0.000000000000000000e+00
0.000000000000000000e+00
0.000000000000000000e+00
0.000000000000000000e+00
0.000000000000000000e+00
0.000000000000000000e+00
0.000000000000000000e+00
0.000000000000000000e+00
9.411114454269999818e-01
0.000000000000000000e+00
0.000000000000000000e+00
0.000000000000000000e+00
0.000000000000000000e+00
0.000000000000000000e+00
0.000000000000000000e+00
0.000000000000000000e+00
0.000000000000000000e+00
9.411114454269999818e-01
0.000000000000000000e+00
0.000000000000000000e+00
0.000000000000000000e+00
