1.998861908909999929e+00
1.221898794169999913e+00
1.221898794169999913e+00
1.214866995810000017e+00
2.186620712279999879e+00
0.000000000000000000e+00
3.079760789869999904e+00
3.079760789869999904e+00
1.228892683980000067e+00
1.221898794169999913e+00
1.221898794169999913e+00
5.576993465420000184e+00
3.079760789869999904e+00
1.998861908909999929e+00
0.000000000000000000e+00
1.998861908909999929e+00
3.493093729019999927e+00
1.998861908909999929e+00
0.000000000000000000e+00
3.122532129290000125e+00
3.493093729019999927e+00
3.493093729019999927e+00
3.493093729019999927e+00
1.424418640140000036e+01
1.003356337550000088e+00
1.424418640140000036e+01
1.424418640140000036e+01
1.221898794169999913e+00
1.221898794169999913e+00
1.221898794169999913e+00
9.993430972100000309e-01
3.493093729019999927e+00
0.000000000000000000e+00
1.704513072969999987e+00
0.000000000000000000e+00
3.493093729019999927e+00
3.493093729019999927e+00
1.221898794169999913e+00
2.186620712279999879e+00
3.493093729019999927e+00
6.747292041779999749e+00
0.000000000000000000e+00
0.000000000000000000e+00
0.000000000000000000e+00
0.000000000000000000e+00
2.186620712279999879e+00
3.493093729019999927e+00
1.424418640140000036e+01
3.311435699460000048e+00
1.221898794169999913e+00
1.221898794169999913e+00
1.221898794169999913e+00
3.493093729019999927e+00
9.993430972100000309e-01
0.000000000000000000e+00
0.000000000000000000e+00
3.493093729019999927e+00
3.493093729019999927e+00
1.424418640140000036e+01
1.221898794169999913e+00
1.221898794169999913e+00
0.000000000000000000e+00
1.221898794169999913e+00
1.704513072969999987e+00
7.090813517570000446e-01
3.493093729019999927e+00
2.051270961759999789e+00
0.000000000000000000e+00
0.000000000000000000e+00
3.122532129290000125e+00
2.186620712279999879e+00
6.747292041779999749e+00
0.000000000000000000e+00
9.993430972100000309e-01
1.228892683980000067e+00
0.000000000000000000e+00
3.493093729019999927e+00
6.966388225559999592e-01
1.221898794169999913e+00
2.685679912569999939e+00
0.000000000000000000e+00
3.122532129290000125e+00
2.685679912569999939e+00
1.221898794169999913e+00
1.221898794169999913e+00
3.493093729019999927e+00
0.000000000000000000e+00
6.747292041779999749e+00
1.221898794169999913e+00
9.993430972100000309e-01
0.000000000000000000e+00
3.122532129290000125e+00
4.058557033539999637e+00
0.000000000000000000e+00
3.493093729019999927e+00
2.113262414929999888e+00
1.684008598329999939e+00
0.000000000000000000e+00
3.493093729019999927e+00
1.424418640140000036e+01
3.997724056240000046e+00
1.214866995810000017e+00
0.000000000000000000e+00
1.221898794169999913e+00
0.000000000000000000e+00
2.186620712279999879e+00
1.340359330180000086e+00
2.051270961759999789e+00
6.314353942870000402e+00
0.000000000000000000e+00
3.997724056240000046e+00
2.685679912569999939e+00
3.122532129290000125e+00
0.000000000000000000e+00
2.186620712279999879e+00
2.186620712279999879e+00
2.051270961759999789e+00
1.221898794169999913e+00
3.122532129290000125e+00
2.051270961759999789e+00
0.000000000000000000e+00
0.000000000000000000e+00
0.000000000000000000e+00
3.122532129290000125e+00
0.000000000000000000e+00
9.996944665910000305e-01
1.357958412169999995e+01
0.000000000000000000e+00
1.389607715610000049e+01
2.685679912569999939e+00
2.186620712279999879e+00
9.998699426649999555e-01
0.000000000000000000e+00
0.000000000000000000e+00
1.999914765360000013e+00
1.310242938999999929e+01
0.000000000000000000e+00
3.493093729019999927e+00
1.629261016850000132e+01
0.000000000000000000e+00
1.999914765360000013e+00
6.674148082730000375e+00
0.000000000000000000e+00
2.186620712279999879e+00
6.674148082730000375e+00
0.000000000000000000e+00
0.000000000000000000e+00
0.000000000000000000e+00
6.839826107030000379e-01
9.998699426649999555e-01
6.674148082730000375e+00
0.000000000000000000e+00
6.314353942870000402e+00
0.000000000000000000e+00
1.214866995810000017e+00
1.310242938999999929e+01
1.310242938999999929e+01
6.674148082730000375e+00
0.000000000000000000e+00
0.000000000000000000e+00
0.000000000000000000e+00
0.000000000000000000e+00
6.314353942870000402e+00
0.000000000000000000e+00
1.310242938999999929e+01
