5.901408672329999661e+00
1.736652564999999981e+01
0.000000000000000000e+00
5.901408672329999661e+00
5.901408672329999661e+00
5.901408672329999661e+00
5.901408672329999661e+00
2.162842750549999860e+00
5.901408672329999661e+00
1.221898794169999913e+00
2.162842750549999860e+00
1.680862665180000048e+00
1.680862665180000048e+00
0.000000000000000000e+00
2.436630249019999805e+00
1.680862665180000048e+00
0.000000000000000000e+00
0.000000000000000000e+00
1.000044822690000057e+00
0.000000000000000000e+00
0.000000000000000000e+00
0.000000000000000000e+00
1.680862665180000048e+00
0.000000000000000000e+00
1.000044822690000057e+00
9.715712070469999517e-01
1.000044822690000057e+00
0.000000000000000000e+00
5.901408672329999661e+00
0.000000000000000000e+00
0.000000000000000000e+00
1.000044822690000057e+00
5.901408672329999661e+00
1.483098030090000030e+01
