3.007819175719999905e+00
3.007819175719999905e+00
0.000000000000000000e+00
0.000000000000000000e+00
1.312361907959999918e+01
1.579811763760000076e+01
1.312361907959999918e+01
0.000000000000000000e+00
0.000000000000000000e+00
1.583511734010000005e+01
0.000000000000000000e+00
0.000000000000000000e+00
1.576903533940000024e+01
0.000000000000000000e+00
0.000000000000000000e+00
1.563451194760000007e+01
1.563451194760000007e+01
0.000000000000000000e+00
3.111009836200000045e+00
3.509106159209999909e+00
1.563451194760000007e+01
3.111009836200000045e+00
4.098917961119999731e+00
0.000000000000000000e+00
1.570216369629999953e+01
0.000000000000000000e+00
0.000000000000000000e+00
1.563451194760000007e+01
1.570216369629999953e+01
1.319437789919999915e+01
2.888442993159999972e+00
3.111009836200000045e+00
3.111009836200000045e+00
2.888442993159999972e+00
3.111009836200000045e+00
4.098917961119999731e+00
3.111009836200000045e+00
0.000000000000000000e+00
2.888442993159999972e+00
3.111009836200000045e+00
2.171207904820000145e+00
2.171207904820000145e+00
0.000000000000000000e+00
3.111009836200000045e+00
0.000000000000000000e+00
0.000000000000000000e+00
0.000000000000000000e+00
0.000000000000000000e+00
1.583511734010000005e+01
0.000000000000000000e+00
2.171207904820000145e+00
2.171207904820000145e+00
0.000000000000000000e+00
1.583511734010000005e+01
2.888442993159999972e+00
3.111009836200000045e+00
2.888442993159999972e+00
3.111009836200000045e+00
2.171207904820000145e+00
4.493932724000000434e+00
1.563451194760000007e+01
1.517256259920000083e+01
2.888442993159999972e+00
3.111009836200000045e+00
2.888442993159999972e+00
2.888442993159999972e+00
2.888442993159999972e+00
