7.333104014400000370e-01
1.089323902129999944e+01
0.000000000000000000e+00
7.333104014400000370e-01
7.333104014400000370e-01
7.333104014400000370e-01
7.333104014400000370e-01
0.000000000000000000e+00
7.333104014400000370e-01
0.000000000000000000e+00
0.000000000000000000e+00
0.000000000000000000e+00
0.000000000000000000e+00
0.000000000000000000e+00
1.214866995810000017e+00
0.000000000000000000e+00
0.000000000000000000e+00
0.000000000000000000e+00
0.000000000000000000e+00
0.000000000000000000e+00
0.000000000000000000e+00
0.000000000000000000e+00
0.000000000000000000e+00
0.000000000000000000e+00
0.000000000000000000e+00
0.000000000000000000e+00
0.000000000000000000e+00
0.000000000000000000e+00
7.333104014400000370e-01
0.000000000000000000e+00
0.000000000000000000e+00
0.000000000000000000e+00
7.333104014400000370e-01
1.341461944579999965e+01
