0.000000000000000000e+00
0.000000000000000000e+00
0.000000000000000000e+00
0.000000000000000000e+00
7.562291622160000060e+00
4.851857185360000102e+00
6.966388225559999592e-01
7.753283023829999898e+00
2.864678859710000136e+00
0.000000000000000000e+00
6.966388225559999592e-01
3.311435699460000048e+00
3.764361858370000036e+00
8.112647056580000182e+00
1.222539520259999968e+01
0.000000000000000000e+00
2.864678859710000136e+00
2.864678859710000136e+00
1.222539520259999968e+01
3.740011453630000204e+00
7.753283023829999898e+00
1.591650485989999986e+01
1.222539520259999968e+01
0.000000000000000000e+00
3.001175880429999943e+00
8.112647056580000182e+00
7.753283023829999898e+00
4.109401702879999618e+00
2.000957012180000216e+00
1.222539520259999968e+01
6.966388225559999592e-01
8.230693817140000590e+00
8.112647056580000182e+00
0.000000000000000000e+00
0.000000000000000000e+00
0.000000000000000000e+00
1.574768447880000011e+01
1.574768447880000011e+01
3.764361858370000036e+00
3.764361858370000036e+00
3.764361858370000036e+00
8.112647056580000182e+00
8.112647056580000182e+00
7.753283023829999898e+00
2.945220232010000050e+00
0.000000000000000000e+00
8.112647056580000182e+00
8.112647056580000182e+00
8.112647056580000182e+00
7.753283023829999898e+00
3.764361858370000036e+00
8.112647056580000182e+00
8.112647056580000182e+00
7.753283023829999898e+00
0.000000000000000000e+00
8.112647056580000182e+00
8.230693817140000590e+00
8.112647056580000182e+00
8.112647056580000182e+00
8.230693817140000590e+00
0.000000000000000000e+00
7.753283023829999898e+00
7.753283023829999898e+00
0.000000000000000000e+00
6.966388225559999592e-01
3.740011453630000204e+00
3.740011453630000204e+00
8.112647056580000182e+00
8.112647056580000182e+00
8.112647056580000182e+00
8.112647056580000182e+00
8.112647056580000182e+00
7.753283023829999898e+00
7.753283023829999898e+00
8.112647056580000182e+00
3.764361858370000036e+00
1.619854545589999972e+01
6.966388225559999592e-01
7.753283023829999898e+00
1.602091407780000054e+01
8.112647056580000182e+00
3.740011453630000204e+00
3.740011453630000204e+00
1.619854545589999972e+01
1.602091407780000054e+01
1.602091407780000054e+01
