1.134039402009999975e+01
1.470943260189999968e+01
5.401800632479999642e+00
1.134039402009999975e+01
1.134039402009999975e+01
1.134039402009999975e+01
1.134039402009999975e+01
0.000000000000000000e+00
1.134039402009999975e+01
2.333359241490000180e+00
0.000000000000000000e+00
5.262917041779999749e+00
5.262917041779999749e+00
0.000000000000000000e+00
3.428831338879999802e+00
5.262917041779999749e+00
1.093034505839999948e+00
0.000000000000000000e+00
1.722406768800000165e+01
0.000000000000000000e+00
0.000000000000000000e+00
0.000000000000000000e+00
5.262917041779999749e+00
0.000000000000000000e+00
1.722406768800000165e+01
0.000000000000000000e+00
1.722406768800000165e+01
0.000000000000000000e+00
1.134039402009999975e+01
0.000000000000000000e+00
0.000000000000000000e+00
1.722406768800000165e+01
1.134039402009999975e+01
1.777008438109999844e+01
