5.904411792760000388e+00
5.904411792760000388e+00
0.000000000000000000e+00
0.000000000000000000e+00
0.000000000000000000e+00
1.216221427920000053e+01
0.000000000000000000e+00
0.000000000000000000e+00
0.000000000000000000e+00
1.338901519779999916e+01
0.000000000000000000e+00
0.000000000000000000e+00
1.330921363829999926e+01
0.000000000000000000e+00
0.000000000000000000e+00
1.315186500549999948e+01
1.315186500549999948e+01
0.000000000000000000e+00
0.000000000000000000e+00
1.744870543480000036e+00
1.315186500549999948e+01
0.000000000000000000e+00
0.000000000000000000e+00
0.000000000000000000e+00
1.323015117649999972e+01
0.000000000000000000e+00
0.000000000000000000e+00
1.315186500549999948e+01
1.323015117649999972e+01
0.000000000000000000e+00
0.000000000000000000e+00
0.000000000000000000e+00
0.000000000000000000e+00
0.000000000000000000e+00
0.000000000000000000e+00
0.000000000000000000e+00
0.000000000000000000e+00
0.000000000000000000e+00
0.000000000000000000e+00
0.000000000000000000e+00
0.000000000000000000e+00
0.000000000000000000e+00
0.000000000000000000e+00
0.000000000000000000e+00
0.000000000000000000e+00
0.000000000000000000e+00
0.000000000000000000e+00
0.000000000000000000e+00
1.338901519779999916e+01
0.000000000000000000e+00
0.000000000000000000e+00
0.000000000000000000e+00
0.000000000000000000e+00
1.338901519779999916e+01
0.000000000000000000e+00
0.000000000000000000e+00
0.000000000000000000e+00
0.000000000000000000e+00
0.000000000000000000e+00
4.057093620299999870e+00
1.315186500549999948e+01
8.164813995359999410e+00
0.000000000000000000e+00
0.000000000000000000e+00
0.000000000000000000e+00
0.000000000000000000e+00
0.000000000000000000e+00
