0.000000000000000000e+00
0.000000000000000000e+00
2.545712709430000054e+00
0.000000000000000000e+00
0.000000000000000000e+00
0.000000000000000000e+00
0.000000000000000000e+00
0.000000000000000000e+00
0.000000000000000000e+00
2.007612466809999940e+00
3.098231315610000092e+00
0.000000000000000000e+00
0.000000000000000000e+00
0.000000000000000000e+00
3.606001615519999870e+00
0.000000000000000000e+00
0.000000000000000000e+00
0.000000000000000000e+00
0.000000000000000000e+00
3.606001615519999870e+00
0.000000000000000000e+00
3.606001615519999870e+00
1.003762006759999936e+00
2.545712709430000054e+00
0.000000000000000000e+00
0.000000000000000000e+00
0.000000000000000000e+00
0.000000000000000000e+00
0.000000000000000000e+00
0.000000000000000000e+00
1.168198204039999943e+01
0.000000000000000000e+00
0.000000000000000000e+00
0.000000000000000000e+00
0.000000000000000000e+00
0.000000000000000000e+00
0.000000000000000000e+00
0.000000000000000000e+00
2.545712709430000054e+00
0.000000000000000000e+00
0.000000000000000000e+00
1.993245363240000012e+00
0.000000000000000000e+00
0.000000000000000000e+00
0.000000000000000000e+00
0.000000000000000000e+00
0.000000000000000000e+00
0.000000000000000000e+00
0.000000000000000000e+00
0.000000000000000000e+00
1.168198204039999943e+01
0.000000000000000000e+00
0.000000000000000000e+00
0.000000000000000000e+00
0.000000000000000000e+00
3.073631048200000215e+00
0.000000000000000000e+00
0.000000000000000000e+00
0.000000000000000000e+00
0.000000000000000000e+00
0.000000000000000000e+00
0.000000000000000000e+00
0.000000000000000000e+00
3.073631048200000215e+00
0.000000000000000000e+00
0.000000000000000000e+00
