0.000000000000000000e+00
0.000000000000000000e+00
0.000000000000000000e+00
0.000000000000000000e+00
1.473387336729999930e+01
2.232111167909999949e+01
1.221898794169999913e+00
1.690293502809999993e+01
3.644019603729999890e+00
0.000000000000000000e+00
1.221898794169999913e+00
2.998556613919999947e+00
2.731709241869999971e+00
1.662383460999999940e+01
1.518642711640000087e+01
0.000000000000000000e+00
3.644019603729999890e+00
3.644019603729999890e+00
1.518642711640000087e+01
2.113042116169999929e+00
1.690293502809999993e+01
8.097496986390000373e+00
1.518642711640000087e+01
0.000000000000000000e+00
4.226214408869999772e+00
1.662383460999999940e+01
1.690293502809999993e+01
3.997724056240000046e+00
5.684744834900000043e+00
1.518642711640000087e+01
1.221898794169999913e+00
1.599728202820000078e+01
1.662383460999999940e+01
0.000000000000000000e+00
0.000000000000000000e+00
9.995188117030000541e-01
8.739350318910000581e+00
8.739350318910000581e+00
2.731709241869999971e+00
2.731709241869999971e+00
2.731709241869999971e+00
1.662383460999999940e+01
1.662383460999999940e+01
1.690293502809999993e+01
1.998510599140000066e+00
0.000000000000000000e+00
1.662383460999999940e+01
1.662383460999999940e+01
1.662383460999999940e+01
1.690293502809999993e+01
2.731709241869999971e+00
1.662383460999999940e+01
1.662383460999999940e+01
1.690293502809999993e+01
9.995188117030000541e-01
1.662383460999999940e+01
1.599728202820000078e+01
1.662383460999999940e+01
1.662383460999999940e+01
1.599728202820000078e+01
0.000000000000000000e+00
1.690293502809999993e+01
1.690293502809999993e+01
9.995188117030000541e-01
1.221898794169999913e+00
2.113042116169999929e+00
2.113042116169999929e+00
1.662383460999999940e+01
1.662383460999999940e+01
1.662383460999999940e+01
1.662383460999999940e+01
1.662383460999999940e+01
1.690293502809999993e+01
1.690293502809999993e+01
1.662383460999999940e+01
2.731709241869999971e+00
2.587997198100000062e+00
1.221898794169999913e+00
1.690293502809999993e+01
2.414802789689999951e+00
1.662383460999999940e+01
2.113042116169999929e+00
2.113042116169999929e+00
2.587997198100000062e+00
2.414802789689999951e+00
2.414802789689999951e+00
