0.000000000000000000e+00
0.000000000000000000e+00
0.000000000000000000e+00
0.000000000000000000e+00
4.199433803559999845e+00
2.735205888749999925e+00
0.000000000000000000e+00
6.040719032290000179e+00
0.000000000000000000e+00
0.000000000000000000e+00
0.000000000000000000e+00
0.000000000000000000e+00
0.000000000000000000e+00
6.384082794190000243e+00
9.542174339289999807e+00
0.000000000000000000e+00
0.000000000000000000e+00
0.000000000000000000e+00
9.542174339289999807e+00
0.000000000000000000e+00
6.040719032290000179e+00
1.381355857850000035e+01
9.542174339289999807e+00
0.000000000000000000e+00
0.000000000000000000e+00
6.384082794190000243e+00
6.040719032290000179e+00
0.000000000000000000e+00
0.000000000000000000e+00
9.542174339289999807e+00
0.000000000000000000e+00
6.674148082730000375e+00
6.384082794190000243e+00
0.000000000000000000e+00
0.000000000000000000e+00
0.000000000000000000e+00
1.412386035920000005e+01
1.412386035920000005e+01
0.000000000000000000e+00
0.000000000000000000e+00
0.000000000000000000e+00
6.384082794190000243e+00
6.384082794190000243e+00
6.040719032290000179e+00
0.000000000000000000e+00
0.000000000000000000e+00
6.384082794190000243e+00
6.384082794190000243e+00
6.384082794190000243e+00
6.040719032290000179e+00
0.000000000000000000e+00
6.384082794190000243e+00
6.384082794190000243e+00
6.040719032290000179e+00
0.000000000000000000e+00
6.384082794190000243e+00
6.674148082730000375e+00
6.384082794190000243e+00
6.384082794190000243e+00
6.674148082730000375e+00
0.000000000000000000e+00
6.040719032290000179e+00
6.040719032290000179e+00
0.000000000000000000e+00
0.000000000000000000e+00
0.000000000000000000e+00
0.000000000000000000e+00
6.384082794190000243e+00
6.384082794190000243e+00
6.384082794190000243e+00
6.384082794190000243e+00
6.384082794190000243e+00
6.040719032290000179e+00
6.040719032290000179e+00
6.384082794190000243e+00
0.000000000000000000e+00
8.252962112429999664e+00
0.000000000000000000e+00
6.040719032290000179e+00
7.605440616610000149e+00
6.384082794190000243e+00
0.000000000000000000e+00
0.000000000000000000e+00
8.252962112429999664e+00
7.605440616610000149e+00
7.605440616610000149e+00
