0.000000000000000000e+00
5.111342906950000042e+00
1.698689079280000058e+01
3.111009836200000045e+00
3.453397274019999852e+00
7.578408241270000012e+00
6.580030918120000294e+00
6.580030918120000294e+00
0.000000000000000000e+00
1.752975273130000033e+01
7.578408241270000012e+00
1.698689079280000058e+01
6.580030918120000294e+00
6.580030918120000294e+00
2.521246433259999975e+00
6.580030918120000294e+00
6.580030918120000294e+00
1.634722518919999956e+01
6.580030918120000294e+00
6.580030918120000294e+00
9.469114542009999802e-01
0.000000000000000000e+00
7.337035655980000293e+00
2.521246433259999975e+00
2.521246433259999975e+00
2.521246433259999975e+00
3.700443267819999882e+00
6.580030918120000294e+00
6.580030918120000294e+00
6.580030918120000294e+00
0.000000000000000000e+00
6.580030918120000294e+00
6.580030918120000294e+00
0.000000000000000000e+00
0.000000000000000000e+00
6.580030918120000294e+00
6.580030918120000294e+00
6.580030918120000294e+00
6.580030918120000294e+00
0.000000000000000000e+00
8.175041198729999792e+00
3.736880064010000169e+00
6.580030918120000294e+00
0.000000000000000000e+00
2.521246433259999975e+00
0.000000000000000000e+00
8.175041198729999792e+00
0.000000000000000000e+00
2.521246433259999975e+00
0.000000000000000000e+00
0.000000000000000000e+00
6.580030918120000294e+00
0.000000000000000000e+00
0.000000000000000000e+00
0.000000000000000000e+00
1.466594696040000034e+00
3.736880064010000169e+00
0.000000000000000000e+00
6.580030918120000294e+00
0.000000000000000000e+00
0.000000000000000000e+00
1.764690399170000035e+00
0.000000000000000000e+00
0.000000000000000000e+00
0.000000000000000000e+00
0.000000000000000000e+00
0.000000000000000000e+00
2.945220232010000050e+00
0.000000000000000000e+00
0.000000000000000000e+00
0.000000000000000000e+00
0.000000000000000000e+00
0.000000000000000000e+00
0.000000000000000000e+00
0.000000000000000000e+00
0.000000000000000000e+00
0.000000000000000000e+00
0.000000000000000000e+00
3.736880064010000169e+00
0.000000000000000000e+00
0.000000000000000000e+00
0.000000000000000000e+00
0.000000000000000000e+00
0.000000000000000000e+00
0.000000000000000000e+00
0.000000000000000000e+00
0.000000000000000000e+00
0.000000000000000000e+00
0.000000000000000000e+00
0.000000000000000000e+00
0.000000000000000000e+00
0.000000000000000000e+00
0.000000000000000000e+00
0.000000000000000000e+00
0.000000000000000000e+00
