4.034083843230000355e+00
4.034083843230000355e+00
0.000000000000000000e+00
0.000000000000000000e+00
0.000000000000000000e+00
8.881252288820000729e+00
0.000000000000000000e+00
0.000000000000000000e+00
0.000000000000000000e+00
9.164997100829999965e+00
0.000000000000000000e+00
0.000000000000000000e+00
9.088085174559999757e+00
0.000000000000000000e+00
0.000000000000000000e+00
8.932675361630000310e+00
8.932675361630000310e+00
0.000000000000000000e+00
0.000000000000000000e+00
0.000000000000000000e+00
8.932675361630000310e+00
0.000000000000000000e+00
0.000000000000000000e+00
0.000000000000000000e+00
9.010642051699999655e+00
0.000000000000000000e+00
0.000000000000000000e+00
8.932675361630000310e+00
9.010642051699999655e+00
0.000000000000000000e+00
0.000000000000000000e+00
0.000000000000000000e+00
0.000000000000000000e+00
0.000000000000000000e+00
0.000000000000000000e+00
0.000000000000000000e+00
0.000000000000000000e+00
0.000000000000000000e+00
0.000000000000000000e+00
0.000000000000000000e+00
0.000000000000000000e+00
0.000000000000000000e+00
0.000000000000000000e+00
0.000000000000000000e+00
0.000000000000000000e+00
0.000000000000000000e+00
0.000000000000000000e+00
0.000000000000000000e+00
9.164997100829999965e+00
0.000000000000000000e+00
0.000000000000000000e+00
0.000000000000000000e+00
0.000000000000000000e+00
9.164997100829999965e+00
0.000000000000000000e+00
0.000000000000000000e+00
0.000000000000000000e+00
0.000000000000000000e+00
0.000000000000000000e+00
1.663310289380000029e+00
8.932675361630000310e+00
5.495795249939999572e+00
0.000000000000000000e+00
0.000000000000000000e+00
0.000000000000000000e+00
0.000000000000000000e+00
0.000000000000000000e+00
