0.000000000000000000e+00
0.000000000000000000e+00
3.098231315610000092e+00
0.000000000000000000e+00
0.000000000000000000e+00
0.000000000000000000e+00
0.000000000000000000e+00
0.000000000000000000e+00
0.000000000000000000e+00
1.099656486509999986e+01
3.736880064010000169e+00
0.000000000000000000e+00
0.000000000000000000e+00
0.000000000000000000e+00
1.744870543480000036e+00
0.000000000000000000e+00
0.000000000000000000e+00
0.000000000000000000e+00
0.000000000000000000e+00
1.744870543480000036e+00
0.000000000000000000e+00
1.744870543480000036e+00
1.093594932559999933e+01
3.098231315610000092e+00
0.000000000000000000e+00
0.000000000000000000e+00
0.000000000000000000e+00
0.000000000000000000e+00
0.000000000000000000e+00
1.242736935619999983e+00
1.079643440249999919e+01
0.000000000000000000e+00
0.000000000000000000e+00
0.000000000000000000e+00
0.000000000000000000e+00
0.000000000000000000e+00
0.000000000000000000e+00
0.000000000000000000e+00
3.098231315610000092e+00
0.000000000000000000e+00
1.784250020980000073e+00
7.854146957400000240e+00
0.000000000000000000e+00
1.784250020980000073e+00
1.784250020980000073e+00
0.000000000000000000e+00
0.000000000000000000e+00
1.784250020980000073e+00
0.000000000000000000e+00
0.000000000000000000e+00
1.079643440249999919e+01
0.000000000000000000e+00
1.600971102709999982e+00
1.242736935619999983e+00
0.000000000000000000e+00
1.266307544710000066e+01
0.000000000000000000e+00
7.450897097590000184e-01
0.000000000000000000e+00
0.000000000000000000e+00
0.000000000000000000e+00
0.000000000000000000e+00
0.000000000000000000e+00
1.266307544710000066e+01
0.000000000000000000e+00
0.000000000000000000e+00
