4.122168064120000253e+00
1.861142730710000137e+01
0.000000000000000000e+00
4.122168064120000253e+00
4.122168064120000253e+00
4.122168064120000253e+00
4.122168064120000253e+00
0.000000000000000000e+00
4.122168064120000253e+00
1.221898794169999913e+00
0.000000000000000000e+00
0.000000000000000000e+00
0.000000000000000000e+00
0.000000000000000000e+00
2.299466848369999816e+00
0.000000000000000000e+00
0.000000000000000000e+00
0.000000000000000000e+00
3.972948312759999823e+00
0.000000000000000000e+00
0.000000000000000000e+00
0.000000000000000000e+00
0.000000000000000000e+00
0.000000000000000000e+00
3.972948312759999823e+00
0.000000000000000000e+00
3.972948312759999823e+00
0.000000000000000000e+00
4.122168064120000253e+00
0.000000000000000000e+00
0.000000000000000000e+00
3.972948312759999823e+00
4.122168064120000253e+00
1.645683670040000024e+01
