0.000000000000000000e+00
0.000000000000000000e+00
0.000000000000000000e+00
0.000000000000000000e+00
0.000000000000000000e+00
3.157551050189999930e+00
0.000000000000000000e+00
4.163979053500000305e+00
0.000000000000000000e+00
0.000000000000000000e+00
0.000000000000000000e+00
0.000000000000000000e+00
0.000000000000000000e+00
4.520331859589999723e+00
4.095390319819999903e+00
0.000000000000000000e+00
0.000000000000000000e+00
0.000000000000000000e+00
4.095390319819999903e+00
0.000000000000000000e+00
4.163979053500000305e+00
6.687716007229999704e+00
4.095390319819999903e+00
0.000000000000000000e+00
0.000000000000000000e+00
4.520331859589999723e+00
4.163979053500000305e+00
6.839826107030000379e-01
0.000000000000000000e+00
4.095390319819999903e+00
0.000000000000000000e+00
4.506223201750000129e+00
4.520331859589999723e+00
0.000000000000000000e+00
0.000000000000000000e+00
0.000000000000000000e+00
7.151025295260000192e+00
7.151025295260000192e+00
0.000000000000000000e+00
0.000000000000000000e+00
0.000000000000000000e+00
4.520331859589999723e+00
4.520331859589999723e+00
4.163979053500000305e+00
0.000000000000000000e+00
0.000000000000000000e+00
4.520331859589999723e+00
4.520331859589999723e+00
4.520331859589999723e+00
4.163979053500000305e+00
0.000000000000000000e+00
4.520331859589999723e+00
4.520331859589999723e+00
4.163979053500000305e+00
0.000000000000000000e+00
4.520331859589999723e+00
4.506223201750000129e+00
4.520331859589999723e+00
4.520331859589999723e+00
4.506223201750000129e+00
0.000000000000000000e+00
4.163979053500000305e+00
4.163979053500000305e+00
0.000000000000000000e+00
0.000000000000000000e+00
0.000000000000000000e+00
0.000000000000000000e+00
4.520331859589999723e+00
4.520331859589999723e+00
4.520331859589999723e+00
4.520331859589999723e+00
4.520331859589999723e+00
4.163979053500000305e+00
4.163979053500000305e+00
4.520331859589999723e+00
0.000000000000000000e+00
5.897315144539999610e-01
0.000000000000000000e+00
4.163979053500000305e+00
0.000000000000000000e+00
4.520331859589999723e+00
0.000000000000000000e+00
0.000000000000000000e+00
5.897315144539999610e-01
0.000000000000000000e+00
0.000000000000000000e+00
