3.467660427090000219e+00
3.467660427090000219e+00
0.000000000000000000e+00
0.000000000000000000e+00
0.000000000000000000e+00
1.403222179409999981e+01
0.000000000000000000e+00
0.000000000000000000e+00
0.000000000000000000e+00
1.398847770689999948e+01
0.000000000000000000e+00
0.000000000000000000e+00
1.392570018770000040e+01
0.000000000000000000e+00
0.000000000000000000e+00
1.379777145389999937e+01
1.379777145389999937e+01
0.000000000000000000e+00
0.000000000000000000e+00
1.744870543480000036e+00
1.379777145389999937e+01
0.000000000000000000e+00
0.000000000000000000e+00
0.000000000000000000e+00
1.386212921139999921e+01
0.000000000000000000e+00
0.000000000000000000e+00
1.379777145389999937e+01
1.386212921139999921e+01
0.000000000000000000e+00
0.000000000000000000e+00
0.000000000000000000e+00
0.000000000000000000e+00
0.000000000000000000e+00
0.000000000000000000e+00
0.000000000000000000e+00
0.000000000000000000e+00
0.000000000000000000e+00
0.000000000000000000e+00
0.000000000000000000e+00
0.000000000000000000e+00
0.000000000000000000e+00
0.000000000000000000e+00
0.000000000000000000e+00
0.000000000000000000e+00
0.000000000000000000e+00
0.000000000000000000e+00
0.000000000000000000e+00
1.398847770689999948e+01
0.000000000000000000e+00
0.000000000000000000e+00
0.000000000000000000e+00
0.000000000000000000e+00
1.398847770689999948e+01
0.000000000000000000e+00
0.000000000000000000e+00
0.000000000000000000e+00
0.000000000000000000e+00
0.000000000000000000e+00
2.837400674820000024e+00
1.379777145389999937e+01
1.374181842800000020e+01
0.000000000000000000e+00
0.000000000000000000e+00
0.000000000000000000e+00
0.000000000000000000e+00
0.000000000000000000e+00
