0.000000000000000000e+00
0.000000000000000000e+00
0.000000000000000000e+00
0.000000000000000000e+00
8.206297874449999696e+00
5.284924983979999880e+00
0.000000000000000000e+00
5.876430511469999729e+00
0.000000000000000000e+00
0.000000000000000000e+00
0.000000000000000000e+00
0.000000000000000000e+00
0.000000000000000000e+00
6.166552066799999565e+00
9.071778297419999859e+00
0.000000000000000000e+00
0.000000000000000000e+00
0.000000000000000000e+00
9.071778297419999859e+00
0.000000000000000000e+00
5.876430511469999729e+00
7.022809505459999713e+00
9.071778297419999859e+00
0.000000000000000000e+00
0.000000000000000000e+00
6.166552066799999565e+00
5.876430511469999729e+00
6.839826107030000379e-01
0.000000000000000000e+00
9.071778297419999859e+00
0.000000000000000000e+00
5.654147624970000230e+00
6.166552066799999565e+00
0.000000000000000000e+00
0.000000000000000000e+00
0.000000000000000000e+00
7.252636432650000131e+00
7.252636432650000131e+00
0.000000000000000000e+00
0.000000000000000000e+00
0.000000000000000000e+00
6.166552066799999565e+00
6.166552066799999565e+00
5.876430511469999729e+00
0.000000000000000000e+00
0.000000000000000000e+00
6.166552066799999565e+00
6.166552066799999565e+00
6.166552066799999565e+00
5.876430511469999729e+00
0.000000000000000000e+00
6.166552066799999565e+00
6.166552066799999565e+00
5.876430511469999729e+00
0.000000000000000000e+00
6.166552066799999565e+00
5.654147624970000230e+00
6.166552066799999565e+00
6.166552066799999565e+00
5.654147624970000230e+00
0.000000000000000000e+00
5.876430511469999729e+00
5.876430511469999729e+00
0.000000000000000000e+00
0.000000000000000000e+00
0.000000000000000000e+00
0.000000000000000000e+00
6.166552066799999565e+00
6.166552066799999565e+00
6.166552066799999565e+00
6.166552066799999565e+00
6.166552066799999565e+00
5.876430511469999729e+00
5.876430511469999729e+00
6.166552066799999565e+00
0.000000000000000000e+00
1.165286660190000045e+00
0.000000000000000000e+00
5.876430511469999729e+00
6.037740111349999550e-01
6.166552066799999565e+00
0.000000000000000000e+00
0.000000000000000000e+00
1.165286660190000045e+00
6.037740111349999550e-01
6.037740111349999550e-01
