0.000000000000000000e+00
3.388017177580000094e+00
1.586245441440000015e+01
0.000000000000000000e+00
0.000000000000000000e+00
3.221075534820000197e+00
2.159606695179999925e+00
2.159606695179999925e+00
0.000000000000000000e+00
1.430035972599999994e+01
3.221075534820000197e+00
1.586245441440000015e+01
2.159606695179999925e+00
2.159606695179999925e+00
0.000000000000000000e+00
2.159606695179999925e+00
2.159606695179999925e+00
1.522924518589999998e+01
2.159606695179999925e+00
2.159606695179999925e+00
0.000000000000000000e+00
0.000000000000000000e+00
5.186791419979999596e+00
0.000000000000000000e+00
0.000000000000000000e+00
0.000000000000000000e+00
0.000000000000000000e+00
2.159606695179999925e+00
2.159606695179999925e+00
2.159606695179999925e+00
0.000000000000000000e+00
2.159606695179999925e+00
2.159606695179999925e+00
0.000000000000000000e+00
0.000000000000000000e+00
2.159606695179999925e+00
2.159606695179999925e+00
2.159606695179999925e+00
2.159606695179999925e+00
0.000000000000000000e+00
6.103570938109999844e+00
0.000000000000000000e+00
2.159606695179999925e+00
0.000000000000000000e+00
0.000000000000000000e+00
0.000000000000000000e+00
6.103570938109999844e+00
0.000000000000000000e+00
0.000000000000000000e+00
0.000000000000000000e+00
0.000000000000000000e+00
2.159606695179999925e+00
0.000000000000000000e+00
0.000000000000000000e+00
0.000000000000000000e+00
0.000000000000000000e+00
0.000000000000000000e+00
0.000000000000000000e+00
2.159606695179999925e+00
0.000000000000000000e+00
0.000000000000000000e+00
0.000000000000000000e+00
0.000000000000000000e+00
0.000000000000000000e+00
0.000000000000000000e+00
0.000000000000000000e+00
0.000000000000000000e+00
1.228892683980000067e+00
0.000000000000000000e+00
0.000000000000000000e+00
0.000000000000000000e+00
0.000000000000000000e+00
0.000000000000000000e+00
0.000000000000000000e+00
0.000000000000000000e+00
0.000000000000000000e+00
0.000000000000000000e+00
0.000000000000000000e+00
0.000000000000000000e+00
0.000000000000000000e+00
0.000000000000000000e+00
0.000000000000000000e+00
0.000000000000000000e+00
0.000000000000000000e+00
0.000000000000000000e+00
0.000000000000000000e+00
0.000000000000000000e+00
0.000000000000000000e+00
0.000000000000000000e+00
0.000000000000000000e+00
0.000000000000000000e+00
0.000000000000000000e+00
0.000000000000000000e+00
0.000000000000000000e+00
0.000000000000000000e+00
