0.000000000000000000e+00
0.000000000000000000e+00
0.000000000000000000e+00
0.000000000000000000e+00
6.980087280270000250e+00
4.965633869170000381e+00
0.000000000000000000e+00
7.031626224520000079e+00
0.000000000000000000e+00
0.000000000000000000e+00
0.000000000000000000e+00
0.000000000000000000e+00
0.000000000000000000e+00
7.388469696039999590e+00
5.068312168120000294e+00
0.000000000000000000e+00
0.000000000000000000e+00
0.000000000000000000e+00
5.068312168120000294e+00
0.000000000000000000e+00
7.031626224520000079e+00
9.247156143190000677e+00
5.068312168120000294e+00
0.000000000000000000e+00
0.000000000000000000e+00
7.388469696039999590e+00
7.031626224520000079e+00
2.051836490629999954e+00
0.000000000000000000e+00
5.068312168120000294e+00
0.000000000000000000e+00
7.338601589199999609e+00
7.388469696039999590e+00
0.000000000000000000e+00
0.000000000000000000e+00
0.000000000000000000e+00
9.877149581910000364e+00
9.877149581910000364e+00
0.000000000000000000e+00
0.000000000000000000e+00
0.000000000000000000e+00
7.388469696039999590e+00
7.388469696039999590e+00
7.031626224520000079e+00
7.090813517570000446e-01
0.000000000000000000e+00
7.388469696039999590e+00
7.388469696039999590e+00
7.388469696039999590e+00
7.031626224520000079e+00
0.000000000000000000e+00
7.388469696039999590e+00
7.388469696039999590e+00
7.031626224520000079e+00
0.000000000000000000e+00
7.388469696039999590e+00
7.338601589199999609e+00
7.388469696039999590e+00
7.388469696039999590e+00
7.338601589199999609e+00
0.000000000000000000e+00
7.031626224520000079e+00
7.031626224520000079e+00
0.000000000000000000e+00
0.000000000000000000e+00
0.000000000000000000e+00
0.000000000000000000e+00
7.388469696039999590e+00
7.388469696039999590e+00
7.388469696039999590e+00
7.388469696039999590e+00
7.388469696039999590e+00
7.031626224520000079e+00
7.031626224520000079e+00
7.388469696039999590e+00
0.000000000000000000e+00
2.050885915759999900e+00
0.000000000000000000e+00
7.031626224520000079e+00
1.578959465030000064e+00
7.388469696039999590e+00
0.000000000000000000e+00
0.000000000000000000e+00
2.050885915759999900e+00
1.578959465030000064e+00
1.578959465030000064e+00
