0.000000000000000000e+00
0.000000000000000000e+00
0.000000000000000000e+00
0.000000000000000000e+00
0.000000000000000000e+00
0.000000000000000000e+00
0.000000000000000000e+00
1.003465175629999928e+00
0.000000000000000000e+00
0.000000000000000000e+00
0.000000000000000000e+00
0.000000000000000000e+00
1.091632080079999945e+01
5.283827304839999961e+00
0.000000000000000000e+00
0.000000000000000000e+00
0.000000000000000000e+00
0.000000000000000000e+00
0.000000000000000000e+00
0.000000000000000000e+00
1.003465175629999928e+00
5.283827304839999961e+00
5.283827304839999961e+00
5.283827304839999961e+00
5.283827304839999961e+00
0.000000000000000000e+00
0.000000000000000000e+00
0.000000000000000000e+00
0.000000000000000000e+00
0.000000000000000000e+00
1.003465175629999928e+00
4.928469181059999649e+00
5.283827304839999961e+00
0.000000000000000000e+00
0.000000000000000000e+00
0.000000000000000000e+00
1.003465175629999928e+00
1.003465175629999928e+00
1.003465175629999928e+00
1.003465175629999928e+00
1.003465175629999928e+00
5.283827304839999961e+00
4.928469181059999649e+00
0.000000000000000000e+00
0.000000000000000000e+00
0.000000000000000000e+00
1.003465175629999928e+00
1.003465175629999928e+00
5.283827304839999961e+00
0.000000000000000000e+00
1.003465175629999928e+00
0.000000000000000000e+00
0.000000000000000000e+00
0.000000000000000000e+00
0.000000000000000000e+00
0.000000000000000000e+00
0.000000000000000000e+00
1.003465175629999928e+00
1.003465175629999928e+00
5.283827304839999961e+00
0.000000000000000000e+00
0.000000000000000000e+00
0.000000000000000000e+00
0.000000000000000000e+00
4.928469181059999649e+00
5.283827304839999961e+00
5.283827304839999961e+00
0.000000000000000000e+00
0.000000000000000000e+00
1.091632080079999945e+01
0.000000000000000000e+00
0.000000000000000000e+00
0.000000000000000000e+00
0.000000000000000000e+00
0.000000000000000000e+00
0.000000000000000000e+00
0.000000000000000000e+00
0.000000000000000000e+00
1.003465175629999928e+00
4.617314338679999963e+00
0.000000000000000000e+00
0.000000000000000000e+00
0.000000000000000000e+00
0.000000000000000000e+00
0.000000000000000000e+00
0.000000000000000000e+00
0.000000000000000000e+00
0.000000000000000000e+00
0.000000000000000000e+00
0.000000000000000000e+00
0.000000000000000000e+00
0.000000000000000000e+00
0.000000000000000000e+00
0.000000000000000000e+00
0.000000000000000000e+00
0.000000000000000000e+00
0.000000000000000000e+00
0.000000000000000000e+00
0.000000000000000000e+00
0.000000000000000000e+00
0.000000000000000000e+00
0.000000000000000000e+00
0.000000000000000000e+00
0.000000000000000000e+00
0.000000000000000000e+00
0.000000000000000000e+00
0.000000000000000000e+00
0.000000000000000000e+00
0.000000000000000000e+00
0.000000000000000000e+00
0.000000000000000000e+00
0.000000000000000000e+00
0.000000000000000000e+00
0.000000000000000000e+00
0.000000000000000000e+00
0.000000000000000000e+00
0.000000000000000000e+00
0.000000000000000000e+00
