0.000000000000000000e+00
3.001940727230000050e+00
0.000000000000000000e+00
0.000000000000000000e+00
0.000000000000000000e+00
0.000000000000000000e+00
0.000000000000000000e+00
4.013188362120000185e+00
0.000000000000000000e+00
0.000000000000000000e+00
4.643081665040000416e+00
0.000000000000000000e+00
1.311760711670000035e+01
6.538292407990000221e+00
0.000000000000000000e+00
0.000000000000000000e+00
0.000000000000000000e+00
0.000000000000000000e+00
0.000000000000000000e+00
0.000000000000000000e+00
3.616432428360000007e+00
6.538292407990000221e+00
6.538292407990000221e+00
6.538292407990000221e+00
6.538292407990000221e+00
0.000000000000000000e+00
0.000000000000000000e+00
0.000000000000000000e+00
3.001940727230000050e+00
0.000000000000000000e+00
3.442604303360000007e+00
7.069276332860000345e+00
6.538292407990000221e+00
0.000000000000000000e+00
0.000000000000000000e+00
0.000000000000000000e+00
3.616432428360000007e+00
3.616432428360000007e+00
3.442604303360000007e+00
3.616432428360000007e+00
3.616432428360000007e+00
6.538292407990000221e+00
7.069276332860000345e+00
0.000000000000000000e+00
3.001940727230000050e+00
0.000000000000000000e+00
3.616432428360000007e+00
3.811555862430000108e+00
6.538292407990000221e+00
0.000000000000000000e+00
3.616432428360000007e+00
0.000000000000000000e+00
0.000000000000000000e+00
0.000000000000000000e+00
0.000000000000000000e+00
0.000000000000000000e+00
0.000000000000000000e+00
3.442604303360000007e+00
4.013188362120000185e+00
6.538292407990000221e+00
0.000000000000000000e+00
0.000000000000000000e+00
4.258308410639999764e+00
3.001940727230000050e+00
7.069276332860000345e+00
6.538292407990000221e+00
6.538292407990000221e+00
0.000000000000000000e+00
0.000000000000000000e+00
1.311760711670000035e+01
0.000000000000000000e+00
0.000000000000000000e+00
0.000000000000000000e+00
0.000000000000000000e+00
0.000000000000000000e+00
0.000000000000000000e+00
0.000000000000000000e+00
3.001940727230000050e+00
4.013188362120000185e+00
7.477653503420000014e+00
0.000000000000000000e+00
0.000000000000000000e+00
0.000000000000000000e+00
9.756251573559999724e-01
0.000000000000000000e+00
9.756251573559999724e-01
0.000000000000000000e+00
9.756251573559999724e-01
0.000000000000000000e+00
0.000000000000000000e+00
0.000000000000000000e+00
0.000000000000000000e+00
0.000000000000000000e+00
0.000000000000000000e+00
0.000000000000000000e+00
0.000000000000000000e+00
0.000000000000000000e+00
0.000000000000000000e+00
0.000000000000000000e+00
0.000000000000000000e+00
0.000000000000000000e+00
0.000000000000000000e+00
0.000000000000000000e+00
0.000000000000000000e+00
0.000000000000000000e+00
3.001940727230000050e+00
0.000000000000000000e+00
0.000000000000000000e+00
0.000000000000000000e+00
0.000000000000000000e+00
0.000000000000000000e+00
0.000000000000000000e+00
0.000000000000000000e+00
0.000000000000000000e+00
3.001940727230000050e+00
0.000000000000000000e+00
0.000000000000000000e+00
0.000000000000000000e+00
