2.374585151669999838e+00
2.374585151669999838e+00
0.000000000000000000e+00
0.000000000000000000e+00
0.000000000000000000e+00
1.177019977570000009e+01
0.000000000000000000e+00
0.000000000000000000e+00
0.000000000000000000e+00
1.173925399780000056e+01
0.000000000000000000e+00
0.000000000000000000e+00
1.167535686489999947e+01
0.000000000000000000e+00
0.000000000000000000e+00
1.154536628720000024e+01
1.154536628720000024e+01
0.000000000000000000e+00
0.000000000000000000e+00
1.228892683980000067e+00
1.154536628720000024e+01
0.000000000000000000e+00
0.000000000000000000e+00
0.000000000000000000e+00
1.161072540279999998e+01
0.000000000000000000e+00
0.000000000000000000e+00
1.154536628720000024e+01
1.161072540279999998e+01
0.000000000000000000e+00
0.000000000000000000e+00
0.000000000000000000e+00
0.000000000000000000e+00
0.000000000000000000e+00
0.000000000000000000e+00
0.000000000000000000e+00
0.000000000000000000e+00
0.000000000000000000e+00
0.000000000000000000e+00
0.000000000000000000e+00
0.000000000000000000e+00
0.000000000000000000e+00
0.000000000000000000e+00
0.000000000000000000e+00
0.000000000000000000e+00
0.000000000000000000e+00
0.000000000000000000e+00
0.000000000000000000e+00
1.173925399780000056e+01
0.000000000000000000e+00
0.000000000000000000e+00
0.000000000000000000e+00
0.000000000000000000e+00
1.173925399780000056e+01
0.000000000000000000e+00
0.000000000000000000e+00
0.000000000000000000e+00
0.000000000000000000e+00
0.000000000000000000e+00
2.109464645390000115e+00
1.154536628720000024e+01
1.159299468989999937e+01
0.000000000000000000e+00
0.000000000000000000e+00
0.000000000000000000e+00
0.000000000000000000e+00
0.000000000000000000e+00
