9.286561012270000415e-01
3.960423946380000171e+00
1.554139804839999961e+01
0.000000000000000000e+00
0.000000000000000000e+00
3.001175880429999943e+00
2.000611305240000082e+00
2.000611305240000082e+00
0.000000000000000000e+00
7.338601589199999609e+00
3.001175880429999943e+00
1.554139804839999961e+01
2.000611305240000082e+00
2.000611305240000082e+00
0.000000000000000000e+00
2.000611305240000082e+00
2.000611305240000082e+00
1.569507217409999988e+01
2.000611305240000082e+00
2.000611305240000082e+00
0.000000000000000000e+00
0.000000000000000000e+00
6.194353580469999621e+00
0.000000000000000000e+00
0.000000000000000000e+00
0.000000000000000000e+00
0.000000000000000000e+00
2.000611305240000082e+00
2.000611305240000082e+00
2.000611305240000082e+00
0.000000000000000000e+00
2.000611305240000082e+00
2.000611305240000082e+00
0.000000000000000000e+00
0.000000000000000000e+00
2.000611305240000082e+00
2.000611305240000082e+00
2.000611305240000082e+00
2.000611305240000082e+00
0.000000000000000000e+00
7.194297313689999918e+00
0.000000000000000000e+00
2.000611305240000082e+00
0.000000000000000000e+00
0.000000000000000000e+00
0.000000000000000000e+00
7.194297313689999918e+00
0.000000000000000000e+00
0.000000000000000000e+00
0.000000000000000000e+00
0.000000000000000000e+00
2.000611305240000082e+00
0.000000000000000000e+00
0.000000000000000000e+00
0.000000000000000000e+00
7.333104014400000370e-01
0.000000000000000000e+00
0.000000000000000000e+00
2.000611305240000082e+00
0.000000000000000000e+00
0.000000000000000000e+00
7.213063836099999904e-01
0.000000000000000000e+00
0.000000000000000000e+00
0.000000000000000000e+00
0.000000000000000000e+00
0.000000000000000000e+00
1.744870543480000036e+00
0.000000000000000000e+00
0.000000000000000000e+00
0.000000000000000000e+00
0.000000000000000000e+00
0.000000000000000000e+00
0.000000000000000000e+00
0.000000000000000000e+00
0.000000000000000000e+00
0.000000000000000000e+00
0.000000000000000000e+00
0.000000000000000000e+00
0.000000000000000000e+00
0.000000000000000000e+00
0.000000000000000000e+00
0.000000000000000000e+00
0.000000000000000000e+00
0.000000000000000000e+00
0.000000000000000000e+00
0.000000000000000000e+00
0.000000000000000000e+00
0.000000000000000000e+00
0.000000000000000000e+00
0.000000000000000000e+00
0.000000000000000000e+00
0.000000000000000000e+00
0.000000000000000000e+00
0.000000000000000000e+00
