0.000000000000000000e+00
0.000000000000000000e+00
3.048641204830000007e+00
0.000000000000000000e+00
0.000000000000000000e+00
0.000000000000000000e+00
0.000000000000000000e+00
0.000000000000000000e+00
0.000000000000000000e+00
1.183260631559999965e+01
3.663360595699999944e+00
0.000000000000000000e+00
0.000000000000000000e+00
0.000000000000000000e+00
7.213063836099999904e-01
0.000000000000000000e+00
0.000000000000000000e+00
0.000000000000000000e+00
0.000000000000000000e+00
7.213063836099999904e-01
0.000000000000000000e+00
7.213063836099999904e-01
1.279184436799999958e+01
3.048641204830000007e+00
0.000000000000000000e+00
0.000000000000000000e+00
0.000000000000000000e+00
0.000000000000000000e+00
0.000000000000000000e+00
0.000000000000000000e+00
9.030747413640000332e+00
0.000000000000000000e+00
0.000000000000000000e+00
0.000000000000000000e+00
0.000000000000000000e+00
0.000000000000000000e+00
0.000000000000000000e+00
0.000000000000000000e+00
3.048641204830000007e+00
0.000000000000000000e+00
7.333104014400000370e-01
2.989654302599999980e+00
0.000000000000000000e+00
7.333104014400000370e-01
7.333104014400000370e-01
0.000000000000000000e+00
0.000000000000000000e+00
7.333104014400000370e-01
0.000000000000000000e+00
0.000000000000000000e+00
9.030747413640000332e+00
0.000000000000000000e+00
8.004965782170000432e-01
0.000000000000000000e+00
0.000000000000000000e+00
1.382007408139999960e+01
0.000000000000000000e+00
0.000000000000000000e+00
0.000000000000000000e+00
0.000000000000000000e+00
0.000000000000000000e+00
0.000000000000000000e+00
0.000000000000000000e+00
1.382007408139999960e+01
0.000000000000000000e+00
0.000000000000000000e+00
