0.000000000000000000e+00
0.000000000000000000e+00
0.000000000000000000e+00
0.000000000000000000e+00
4.064398288729999642e+00
0.000000000000000000e+00
0.000000000000000000e+00
0.000000000000000000e+00
0.000000000000000000e+00
0.000000000000000000e+00
0.000000000000000000e+00
1.147656726840000019e+01
0.000000000000000000e+00
0.000000000000000000e+00
0.000000000000000000e+00
0.000000000000000000e+00
2.714298963550000110e+00
0.000000000000000000e+00
0.000000000000000000e+00
3.408374786380000021e+00
2.714298963550000110e+00
2.714298963550000110e+00
2.714298963550000110e+00
8.697254180910000798e+00
2.035703897479999913e+00
8.697254180910000798e+00
8.697254180910000798e+00
0.000000000000000000e+00
0.000000000000000000e+00
0.000000000000000000e+00
0.000000000000000000e+00
2.714298963550000110e+00
0.000000000000000000e+00
0.000000000000000000e+00
0.000000000000000000e+00
2.714298963550000110e+00
2.714298963550000110e+00
0.000000000000000000e+00
4.064398288729999642e+00
2.714298963550000110e+00
9.220045208930000014e-01
0.000000000000000000e+00
0.000000000000000000e+00
0.000000000000000000e+00
0.000000000000000000e+00
4.064398288729999642e+00
2.714298963550000110e+00
8.697254180910000798e+00
0.000000000000000000e+00
0.000000000000000000e+00
0.000000000000000000e+00
0.000000000000000000e+00
2.714298963550000110e+00
0.000000000000000000e+00
0.000000000000000000e+00
0.000000000000000000e+00
2.714298963550000110e+00
2.714298963550000110e+00
8.697254180910000798e+00
0.000000000000000000e+00
0.000000000000000000e+00
0.000000000000000000e+00
0.000000000000000000e+00
0.000000000000000000e+00
0.000000000000000000e+00
2.714298963550000110e+00
4.384272575379999815e+00
0.000000000000000000e+00
0.000000000000000000e+00
3.408374786380000021e+00
4.064398288729999642e+00
9.220045208930000014e-01
0.000000000000000000e+00
0.000000000000000000e+00
0.000000000000000000e+00
0.000000000000000000e+00
2.714298963550000110e+00
0.000000000000000000e+00
0.000000000000000000e+00
3.507443666459999942e+00
0.000000000000000000e+00
3.408374786380000021e+00
3.507443666459999942e+00
0.000000000000000000e+00
0.000000000000000000e+00
2.714298963550000110e+00
0.000000000000000000e+00
9.220045208930000014e-01
0.000000000000000000e+00
0.000000000000000000e+00
0.000000000000000000e+00
3.408374786380000021e+00
0.000000000000000000e+00
0.000000000000000000e+00
2.714298963550000110e+00
0.000000000000000000e+00
0.000000000000000000e+00
0.000000000000000000e+00
2.714298963550000110e+00
8.697254180910000798e+00
0.000000000000000000e+00
0.000000000000000000e+00
0.000000000000000000e+00
0.000000000000000000e+00
0.000000000000000000e+00
4.064398288729999642e+00
4.837944984439999985e+00
4.384272575379999815e+00
4.589357852940000093e+00
0.000000000000000000e+00
0.000000000000000000e+00
3.507443666459999942e+00
3.408374786380000021e+00
0.000000000000000000e+00
4.064398288729999642e+00
4.064398288729999642e+00
4.384272575379999815e+00
0.000000000000000000e+00
3.408374786380000021e+00
4.384272575379999815e+00
0.000000000000000000e+00
0.000000000000000000e+00
0.000000000000000000e+00
3.408374786380000021e+00
0.000000000000000000e+00
0.000000000000000000e+00
8.626978874209999759e+00
0.000000000000000000e+00
5.049780845639999960e+00
3.507443666459999942e+00
4.064398288729999642e+00
0.000000000000000000e+00
0.000000000000000000e+00
0.000000000000000000e+00
0.000000000000000000e+00
8.536482810969999946e+00
0.000000000000000000e+00
2.714298963550000110e+00
6.672712326050000087e+00
0.000000000000000000e+00
0.000000000000000000e+00
4.928546905520000188e+00
0.000000000000000000e+00
4.064398288729999642e+00
4.928546905520000188e+00
0.000000000000000000e+00
0.000000000000000000e+00
0.000000000000000000e+00
0.000000000000000000e+00
0.000000000000000000e+00
4.928546905520000188e+00
0.000000000000000000e+00
4.589357852940000093e+00
0.000000000000000000e+00
0.000000000000000000e+00
8.536482810969999946e+00
8.536482810969999946e+00
4.928546905520000188e+00
0.000000000000000000e+00
0.000000000000000000e+00
0.000000000000000000e+00
0.000000000000000000e+00
4.589357852940000093e+00
0.000000000000000000e+00
8.536482810969999946e+00
