0.000000000000000000e+00
0.000000000000000000e+00
0.000000000000000000e+00
0.000000000000000000e+00
0.000000000000000000e+00
0.000000000000000000e+00
0.000000000000000000e+00
2.033203601839999930e+00
0.000000000000000000e+00
0.000000000000000000e+00
0.000000000000000000e+00
0.000000000000000000e+00
1.419314765929999922e+01
9.489941596979999616e+00
0.000000000000000000e+00
0.000000000000000000e+00
0.000000000000000000e+00
0.000000000000000000e+00
0.000000000000000000e+00
0.000000000000000000e+00
2.006821393970000145e+00
9.489941596979999616e+00
9.489941596979999616e+00
9.489941596979999616e+00
9.489941596979999616e+00
0.000000000000000000e+00
0.000000000000000000e+00
0.000000000000000000e+00
0.000000000000000000e+00
0.000000000000000000e+00
2.006821393970000145e+00
8.974987983700000171e+00
9.489941596979999616e+00
0.000000000000000000e+00
0.000000000000000000e+00
0.000000000000000000e+00
2.006821393970000145e+00
2.006821393970000145e+00
2.006821393970000145e+00
2.006821393970000145e+00
2.006821393970000145e+00
9.489941596979999616e+00
8.974987983700000171e+00
0.000000000000000000e+00
0.000000000000000000e+00
0.000000000000000000e+00
2.006821393970000145e+00
2.006821393970000145e+00
9.489941596979999616e+00
0.000000000000000000e+00
2.006821393970000145e+00
0.000000000000000000e+00
0.000000000000000000e+00
0.000000000000000000e+00
0.000000000000000000e+00
0.000000000000000000e+00
0.000000000000000000e+00
2.006821393970000145e+00
2.033203601839999930e+00
9.489941596979999616e+00
0.000000000000000000e+00
0.000000000000000000e+00
0.000000000000000000e+00
0.000000000000000000e+00
8.974987983700000171e+00
9.489941596979999616e+00
9.489941596979999616e+00
0.000000000000000000e+00
0.000000000000000000e+00
1.419314765929999922e+01
0.000000000000000000e+00
0.000000000000000000e+00
0.000000000000000000e+00
0.000000000000000000e+00
0.000000000000000000e+00
0.000000000000000000e+00
0.000000000000000000e+00
0.000000000000000000e+00
2.033203601839999930e+00
8.466940879819999211e+00
0.000000000000000000e+00
0.000000000000000000e+00
0.000000000000000000e+00
4.365911483759999712e+00
0.000000000000000000e+00
4.365911483759999712e+00
0.000000000000000000e+00
4.365911483759999712e+00
0.000000000000000000e+00
0.000000000000000000e+00
0.000000000000000000e+00
0.000000000000000000e+00
0.000000000000000000e+00
0.000000000000000000e+00
0.000000000000000000e+00
0.000000000000000000e+00
0.000000000000000000e+00
0.000000000000000000e+00
0.000000000000000000e+00
0.000000000000000000e+00
0.000000000000000000e+00
0.000000000000000000e+00
0.000000000000000000e+00
0.000000000000000000e+00
0.000000000000000000e+00
0.000000000000000000e+00
0.000000000000000000e+00
0.000000000000000000e+00
0.000000000000000000e+00
0.000000000000000000e+00
0.000000000000000000e+00
0.000000000000000000e+00
0.000000000000000000e+00
0.000000000000000000e+00
0.000000000000000000e+00
0.000000000000000000e+00
0.000000000000000000e+00
0.000000000000000000e+00
