2.945220232010000050e+00
1.272749996189999955e+01
9.003770351409999817e-01
2.945220232010000050e+00
2.945220232010000050e+00
2.945220232010000050e+00
2.945220232010000050e+00
9.952234625820000069e-01
2.945220232010000050e+00
6.966388225559999592e-01
9.952234625820000069e-01
8.404408693310000400e-01
8.404408693310000400e-01
0.000000000000000000e+00
1.704513072969999987e+00
8.404408693310000400e-01
0.000000000000000000e+00
0.000000000000000000e+00
5.135855197909999781e+00
0.000000000000000000e+00
0.000000000000000000e+00
0.000000000000000000e+00
8.404408693310000400e-01
0.000000000000000000e+00
5.135855197909999781e+00
0.000000000000000000e+00
5.135855197909999781e+00
0.000000000000000000e+00
2.945220232010000050e+00
0.000000000000000000e+00
0.000000000000000000e+00
5.135855197909999781e+00
2.945220232010000050e+00
1.508458995820000048e+01
