4.570903301240000438e+00
4.570903301240000438e+00
0.000000000000000000e+00
0.000000000000000000e+00
0.000000000000000000e+00
1.984390258790000061e+01
0.000000000000000000e+00
0.000000000000000000e+00
0.000000000000000000e+00
1.956291389469999942e+01
0.000000000000000000e+00
0.000000000000000000e+00
1.964899063109999844e+01
0.000000000000000000e+00
0.000000000000000000e+00
1.971060180659999972e+01
1.971060180659999972e+01
0.000000000000000000e+00
0.000000000000000000e+00
2.366779088970000000e+00
1.971060180659999972e+01
0.000000000000000000e+00
0.000000000000000000e+00
0.000000000000000000e+00
1.973534202580000141e+01
0.000000000000000000e+00
0.000000000000000000e+00
1.971060180659999972e+01
1.973534202580000141e+01
0.000000000000000000e+00
0.000000000000000000e+00
0.000000000000000000e+00
0.000000000000000000e+00
0.000000000000000000e+00
0.000000000000000000e+00
0.000000000000000000e+00
0.000000000000000000e+00
0.000000000000000000e+00
0.000000000000000000e+00
0.000000000000000000e+00
0.000000000000000000e+00
0.000000000000000000e+00
0.000000000000000000e+00
0.000000000000000000e+00
0.000000000000000000e+00
0.000000000000000000e+00
0.000000000000000000e+00
0.000000000000000000e+00
1.956291389469999942e+01
0.000000000000000000e+00
0.000000000000000000e+00
0.000000000000000000e+00
0.000000000000000000e+00
1.956291389469999942e+01
0.000000000000000000e+00
0.000000000000000000e+00
0.000000000000000000e+00
0.000000000000000000e+00
0.000000000000000000e+00
3.291214227679999826e+00
1.971060180659999972e+01
1.792333030700000052e+01
0.000000000000000000e+00
0.000000000000000000e+00
0.000000000000000000e+00
0.000000000000000000e+00
0.000000000000000000e+00
