1.764690399170000035e+00
1.071194744109999952e+01
0.000000000000000000e+00
1.764690399170000035e+00
1.764690399170000035e+00
1.764690399170000035e+00
1.764690399170000035e+00
0.000000000000000000e+00
1.764690399170000035e+00
0.000000000000000000e+00
0.000000000000000000e+00
0.000000000000000000e+00
0.000000000000000000e+00
0.000000000000000000e+00
1.214866995810000017e+00
0.000000000000000000e+00
0.000000000000000000e+00
0.000000000000000000e+00
4.426836490630000398e+00
0.000000000000000000e+00
0.000000000000000000e+00
0.000000000000000000e+00
0.000000000000000000e+00
0.000000000000000000e+00
4.426836490630000398e+00
0.000000000000000000e+00
4.426836490630000398e+00
0.000000000000000000e+00
1.764690399170000035e+00
0.000000000000000000e+00
0.000000000000000000e+00
4.426836490630000398e+00
1.764690399170000035e+00
1.194167423250000049e+01
