> -1 contour -Z-1
154	10.4128386378	-1
155	10.6769618392	-1
156	10.6102895141	-1
157	10.4654225111	-1
158	10.3224942982	-1
159	10.1962655485	-1
160	10.0593637489	-1
160.310880423	10	-1
161	9.83348286152	-1
162	9.49973368645	-1
163	9.06764726341	-1
163.141190544	9	-1
164	8.49096187949	-1
164.903306067	8	-1
165	7.93291610479	-1
166	7.42024320364	-1
167	7.1219701916	-1
168	7.02724813856	-1
169	7.05098034814	-1
169.467857182	7	-1
170	6.92969495058	-1
171	6.24834664166	-1
171.179498792	6	-1
171.862203121	5	-1
172	4.75569456816	-1
172.302655429	4	-1
172.545269966	3	-1
172.574335694	2	-1
172.401542395	1	-1
172.049953289	0	-1
172	-0.0929668471217	-1
171.477730006	-1	-1
171	-1.57781654596	-1
170.521727741	-2	-1
170	-2.3267185688	-1
169	-2.67299085855	-1
168	-2.85112303495	-1
167	-2.97435235977	-1
166.81361264	-3	-1
166	-3.10263177007	-1
165	-3.29997169971	-1
164	-3.65177321434	-1
163.402408749	-4	-1
163	-4.32812386751	-1
162.399492651	-5	-1
162	-5.84887105227	-1
161.923724353	-6	-1
161.64708364	-7	-1
161.558962703	-8	-1
161.541299045	-9	-1
161.487688065	-10	-1
161.29340896	-11	-1
161	-11.6827529669	-1
160.795809746	-12	-1
160	-12.7732813954	-1
159.557333171	-13	-1
159	-13.2171397358	-1
158	-13.2522807121	-1
157.304812372	-13	-1
157	-12.7696972489	-1
156.51594466	-12	-1
156.50744307	-11	-1
156.82210125	-10	-1
157	-9.57436794043	-1
157.254066586	-9	-1
157.620695204	-8	-1
157.828820512	-7	-1
157.868905768	-6	-1
157.768735558	-5	-1
157.609875858	-4	-1
157.559207618	-3	-1
157.860291854	-2	-1
158	-1.80971901119	-1
158.779346958	-1	-1
159	-0.804801881313	-1
159.777481794	0	-1
160	0.349529147148	-1
160.313893974	1	-1
160.453579605	2	-1
160.225551844	3	-1
160	3.36050105095	-1
159.578569919	4	-1
159	4.54582086205	-1
158.474830806	5	-1
158	5.3298677206	-1
157	5.94596137106	-1
156.916127056	6	-1
156	6.5536185503	-1
155.313457489	7	-1
155	7.23770999908	-1
154.187486351	8	-1
154	8.2833276391	-1
153.637699127	9	-1
153.632697284	10	-1
154	10.4128386378	-1
> -1 contour -Z-1
23	8.52015727758	-1
24	8.62521249056	-1
24.7644646764	8	-1
25	7.70466554165	-1
25.3186513782	7	-1
25.3600343466	6	-1
25	5.4717438817	-1
24.2763831317	5	-1
24	4.91414602101	-1
23	4.85121905804	-1
22.3285557032	5	-1
22	5.19244617224	-1
21.5915093124	6	-1
21.7739489973	7	-1
22	7.44529432058	-1
22.44979316	8	-1
23	8.52015727758	-1
> -1 contour -Z-1
-159	3.16845327616	-1
-158	3.22425359488	-1
-157	3.22408775985	-1
-156	3.23181703687	-1
-155	3.27027243376	-1
-154	3.29998338223	-1
-153	3.17425781488	-1
-152.674336135	3	-1
-152	2.18391956389	-1
-151.923681088	2	-1
-151.722050697	1	-1
-151.672027558	0	-1
-151.734641492	-1	-1
-151.882954672	-2	-1
-152	-2.52680808306	-1
-152.13054502	-3	-1
-152.521892786	-4	-1
-153	-4.82787245512	-1
-153.115382791	-5	-1
-154	-5.81231129169	-1
-154.197660804	-6	-1
-155	-6.48005223274	-1
-155.720326245	-7	-1
-156	-7.14053322375	-1
-157	-7.73653483391	-1
-157.401068866	-8	-1
-158	-8.30002677441	-1
-159	-8.77428364754	-1
-159.586537927	-9	-1
-160	-9.13050070405	-1
-161	-9.33817183971	-1
-162	-9.45968785882	-1
-163	-9.54358184338	-1
-164	-9.65118151903	-1
-165	-9.85721564293	-1
-165.413690388	-10	-1
-166	-10.1794677228	-1
-167	-10.6676972508	-1
-167.460295439	-11	-1
-168	-11.4070285857	-1
-168.635104269	-12	-1
-169	-12.3854762912	-1
-169.645979375	-13	-1
-170	-13.3693822026	-1
-171	-13.7993759513	-1
-171.298247993	-13	-1
-171.04136404	-12	-1
-171	-11.9306807816	-1
-170.313566357	-11	-1
-170	-10.5900164843	-1
-169.49542743	-10	-1
-169	-9.39379686117	-1
-168.670054257	-9	-1
-168	-8.19217926264	-1
-167.847648561	-8	-1
-167.002708049	-7	-1
-167	-6.99693582393	-1
-166.16211988	-6	-1
-166	-5.79713463783	-1
-165.431638718	-5	-1
-165	-4.29216814041	-1
-164.840853572	-4	-1
-164.376315534	-3	-1
-164	-2.01213800907	-1
-163.995455682	-2	-1
-163.616774499	-1	-1
-163.190268159	0	-1
-163	0.353291302919	-1
-162.589868724	1	-1
-162	1.72907829285	-1
-161.692960262	2	-1
-161	2.5275400877	-1
-160	2.96625304222	-1
-159.83375448	3	-1
-159	3.16845327616	-1
> -1 contour -Z-1
15	-3.64425128698	-1
16	-3.4746363163	-1
17	-3.84491290152	-1
17.1516062915	-4	-1
18	-4.96419459209	-1
18.0199992843	-5	-1
18.5140676498	-6	-1
18.9482648969	-7	-1
19	-7.14859843254	-1
19.2350894213	-8	-1
19.4490733445	-9	-1
19.6164484024	-10	-1
19.7522203922	-11	-1
19.8864476681	-12	-1
20	-12.63264364	-1
20.0578052923	-13	-1
20.3095622659	-14	-1
20.6767812967	-15	-1
21	-15.6980382204	-1
21.1257876307	-16	-1
21.6540498137	-17	-1
22	-17.5534671843	-1
22.2681246996	-18	-1
22.9850071669	-19	-1
23	-19.0183952451	-1
23.7717489004	-20	-1
24	-20.2859019041	-1
24.5169945955	-21	-1
25	-21.7839917094	-1
25.1168177724	-22	-1
25.4843984544	-23	-1
25.6415753365	-24	-1
25.6084915996	-25	-1
25.4247798026	-26	-1
25.1437034011	-27	-1
25	-27.552978158	-1
24.820255816	-28	-1
24.691983819	-29	-1
25	-29.5128769875	-1
26	-29.9384548813	-1
27	-29.9869462587	-1
28	-29.99905568	-1
28.0181729682	-30	-1
29	-30.0416442752	-1
30	-30.1509498954	-1
31	-30.3638421297	-1
32	-30.7282277942	-1
32.4829314649	-31	-1
33	-31.4209350944	-1
33.5036639571	-32	-1
33.8705528378	-33	-1
33.7742574811	-34	-1
33.2589862645	-35	-1
33	-35.2998695672	-1
32.2226924002	-36	-1
32	-36.1607716829	-1
31	-36.6790224314	-1
30.0071400618	-37	-1
30	-37.0022113509	-1
29	-37.1508146077	-1
28	-37.1594034135	-1
27	-37.0494511388	-1
26.7367174923	-37	-1
26	-36.821118176	-1
25	-36.5251861811	-1
24	-36.2759616971	-1
23	-36.2306751609	-1
22	-36.4978565872	-1
21.0628932938	-37	-1
21	-37.0289703552	-1
20	-37.6381419301	-1
19.4307697713	-38	-1
19	-38.2478704304	-1
18	-38.7960657477	-1
17.5811293721	-39	-1
17	-39.256669879	-1
16	-39.641964972	-1
15	-39.9705955386	-1
14.9016174674	-40	-1
14	-40.2383372933	-1
13	-40.473754555	-1
12	-40.6801240444	-1
11	-40.8511503339	-1
10	-40.9734218717	-1
9.53488582373	-41	-1
9	-41.0285539869	-1
8	-41.0069792108	-1
7.93644956499	-41	-1
7	-40.8926559687	-1
6	-40.6806249619	-1
5	-40.3697024882	-1
4.09614890814	-40	-1
4	-39.9607809782	-1
3	-39.4943886101	-1
2.05575805902	-39	-1
2	-38.9700246453	-1
1	-38.4117427468	-1
0.301241397858	-38	-1
0	-37.7944920659	-1
-1	-37.0823281333	-1
-1.11139909923	-37	-1
-2	-36.0445690416	-1
-2.03919716179	-36	-1
-2.46347105503	-35	-1
-2.45344498754	-34	-1
-2.1432479322	-33	-1
-2	-32.6754203141	-1
-1.70227193832	-32	-1
-1.3079020977	-31	-1
-1.13221661747	-30	-1
-1.28651532531	-29	-1
-1.73599970341	-28	-1
-2	-27.5185182095	-1
-2.29426786304	-27	-1
-2.71419626474	-26	-1
-2.7816785574	-25	-1
-2.42097494006	-24	-1
-2	-23.4313266873	-1
-1.73914003372	-23	-1
-1	-22.0648854971	-1
-0.954504787922	-22	-1
-0.186312660575	-21	-1
0	-20.7415240109	-1
0.586802303791	-20	-1
1	-19.4103845358	-1
1.36777043343	-19	-1
2	-18.1027786732	-1
2.09547704458	-18	-1
2.54500257969	-17	-1
2.50278478861	-16	-1
2.10098004341	-15	-1
2	-14.7747144699	-1
1.5486023128	-14	-1
1.22996377945	-13	-1
1.27987831831	-12	-1
1.66289296746	-11	-1
2	-10.5288860798	-1
2.29474914074	-10	-1
3	-9.19333398342	-1
3.15280485153	-9	-1
4	-8.20681148767	-1
4.23765021563	-8	-1
5	-7.407073915	-1
5.65484905243	-7	-1
6	-6.76155865192	-1
7	-6.28955024481	-1
8	-6.10987532139	-1
9	-6.24950492382	-1
10	-6.64662185311	-1
10.7910346389	-7	-1
11	-7.07174450159	-1
12	-7.15665769577	-1
12.3291227221	-7	-1
13	-6.25429654121	-1
13.1078654528	-6	-1
13.5172989964	-5	-1
14	-4.36519688368	-1
14.36801368	-4	-1
15	-3.64425128698	-1
> -1 contour -Z-1
-101	-9.74152117968	-1
-100	-9.10117894411	-1
-99	-9.18373334408	-1
-98	-9.742662251	-1
-97.7321805358	-10	-1
-97.0301653147	-11	-1
-97	-11.0696139336	-1
-96.711373657	-12	-1
-96.5088960528	-13	-1
-96.3653925061	-14	-1
-96.2898067832	-15	-1
-96.358956635	-16	-1
-96.7499155402	-17	-1
-97	-17.2728284895	-1
-97.6219658554	-18	-1
-98	-18.2621356845	-1
-98.9985399046	-19	-1
-99	-19.0007763458	-1
-100	-19.5610818267	-1
-100.891830951	-20	-1
-101	-20.0445666686	-1
-102	-20.3743134737	-1
-103	-20.5719561577	-1
-104	-20.6125353575	-1
-105	-20.4592759907	-1
-106	-20.0588620231	-1
-106.098186336	-20	-1
-106.907632291	-19	-1
-106.992187917	-18	-1
-106.656861424	-17	-1
-106	-16.0033255816	-1
-105.99771601	-16	-1
-105.08738552	-15	-1
-105	-14.9122536927	-1
-104.038097166	-14	-1
-104	-13.9599498287	-1
-103.067785904	-13	-1
-103	-12.9075469598	-1
-102.309184372	-12	-1
-102	-11.413436532	-1
-101.738691926	-11	-1
-101.181107536	-10	-1
-101	-9.74152117968	-1
> -1 contour -Z-1
-151	-17.8065357804	-1
-150	-17.2863845825	-1
-149	-17.0047626495	-1
-148	-17.7319546938	-1
-147.858488992	-18	-1
-148	-18.4808913469	-1
-148.221462727	-19	-1
-149	-19.6858167052	-1
-149.628941566	-20	-1
-150	-20.1686367393	-1
-151	-20.3227241933	-1
-152	-20.1849051267	-1
-152.380558729	-20	-1
-152.391089976	-19	-1
-152	-18.6923669577	-1
-151.336070985	-18	-1
-151	-17.8065357804	-1
> 0 contour -Z0
180	-31.4631000161	0
179	-31.7790693045	0
178	-31.9699136019	0
177.848897576	-32	0
177	-32.1371257305	0
176	-32.267981559	0
175	-32.3667539656	0
174	-32.4347484708	0
173	-32.4725992084	0
172	-32.4782986045	0
171	-32.4431381822	0
170	-32.3422109783	0
169	-32.1149632037	0
168.692292303	-32	0
168	-31.7251889706	0
167	-31.1644603461	0
166.752609909	-31	0
166	-30.6044695973	0
165	-30.0426990427	0
164.924692169	-30	0
164	-29.5580300093	0
163.013321221	-29	0
163	-28.9924655557	0
162	-28.3511139452	0
161.547846556	-28	0
161	-27.3980432749	0
160.668994278	-27	0
160.105581462	-26	0
160	-25.7836759686	0
159.516953111	-25	0
159	-24.1441935003	0
158.823636979	-24	0
158	-23.4663775861	0
157	-23.5387598872	0
156.208660647	-24	0
156	-24.1784594506	0
155.174297854	-25	0
155	-25.2725097537	0
154	-25.9914065599	0
153	-25.9394878149	0
152	-25.5775201917	0
151	-25.0768305734	0
150.883817263	-25	0
150	-24.4662734866	0
149.410071552	-24	0
149	-23.5625545382	0
148.611565441	-23	0
148.3047387	-22	0
148.316174209	-21	0
148.510332942	-20	0
148.665842474	-19	0
148.34872061	-18	0
148	-17.7345654964	0
147	-17.1119910553	0
146.800530061	-17	0
146	-16.7166360617	0
145	-16.3538582921	0
144.008924007	-16	0
144	-15.9970042109	0
143	-15.6285846829	0
142	-15.2558611929	0
141.347732365	-15	0
141	-14.8368831277	0
140	-14.3208530247	0
139.462028384	-14	0
139	-13.6582217216	0
138.190602481	-13	0
138	-12.8068045974	0
137.234916031	-12	0
137	-11.681394577	0
136.499518573	-11	0
136.022340953	-10	0
136	-9.85748267174	0
135.874019995	-9	0
135.935962521	-8	0
136	-7.13166773319	0
136.008949041	-7	0
136	-6.8474637866	0
135.957268395	-6	0
135.746047229	-5	0
135.372502625	-4	0
135	-3.31498935819	0
134.825998306	-3	0
134.148843527	-2	0
134	-1.78769612312	0
133.448442161	-1	0
133	-0.173568531871	0
132.905380115	0	0
132.672055602	1	0
132.810808554	2	0
133	2.36915361881	0
133.379304409	3	0
134	3.65856015682	0
134.354960918	4	0
135	4.60595214367	0
135.329317689	5	0
135.931513056	6	0
136	6.16911284626	0
136.232094467	7	0
136.400916159	8	0
136.503036112	9	0
136.565237135	10	0
136.601270497	11	0
136.615199834	12	0
136.600983858	13	0
136.539215863	14	0
136.384636998	15	0
136	15.9899659026	0
135.994305689	16	0
135.170794427	17	0
135	17.1470733285	0
134.173040152	18	0
134	18.1922258735	0
133.429081738	19	0
133	19.867095232	0
132.93460495	20	0
132.934389047	21	0
133	21.0809669569	0
134	21.6649075747	0
135	21.5107505322	0
135.724303007	21	0
136	20.7508553863	0
136.489061743	20	0
137	19.1695779264	0
137.088075615	19	0
137.669954181	18	0
138	17.6862545013	0
139	17.0724758953	0
139.172788158	17	0
140	16.7391191721	0
141	16.5399128795	0
142	16.4451669157	0
143	16.4823251963	0
144	16.7425701618	0
144.434117734	17	0
145	17.3387956023	0
145.68568939	18	0
146	18.3418841362	0
146.513718367	19	0
147	19.8140531182	0
147.116605282	20	0
147.564153135	21	0
147.84403868	22	0
148	22.8053398132	0
148.048685312	23	0
148.267300725	24	0
148.552117288	25	0
149	25.951256156	0
149.036090374	26	0
150	26.9739117026	0
150.037498534	27	0
151	27.6759422421	0
151.565941483	28	0
152	28.315213263	0
153	28.9046555161	0
153.221784294	29	0
154	29.4122287333	0
155	29.5693300962	0
156	29.4295267761	0
157	29.0122937392	0
157.017372061	29	0
158	28.2770928741	0
158.259649426	28	0
159	27.0248286463	0
159.015687343	27	0
159.546252251	26	0
160	25.0585900806	0
160.02961823	25	0
160.612666905	24	0
161	23.4930341244	0
161.455849588	23	0
162	22.5287980437	0
162.710482061	22	0
163	21.7999007702	0
164	21.1122702137	0
164.156342477	21	0
165	20.308044225	0
165.333487809	20	0
166	19.303545326	0
166.30531469	19	0
167	18.3534245193	0
167.561241806	18	0
168	17.7832681537	0
169	17.5944037437	0
170	17.6240183711	0
171	17.7768124938	0
172	17.9974743724	0
172.010294676	18	0
173	18.2962106168	0
174	18.6054503322	0
175	18.9396418333	0
175.193003953	19	0
176	19.2919034958	0
177	19.6373774409	0
177.91585099	20	0
178	20.0383330062	0
178.782747209	20	0
179	19.9750508666	0
179.022018671	20	0
179.850445703	21	0
180	21.2272126526	0
> 0 contour -Z0
180	11.6155260205	0
179	11.4688753486	0
178	11.7102704048	0
177.760127828	12	0
177.365607023	13	0
177.334044397	14	0
177.55863601	15	0
177.989672815	16	0
178	16.0218407176	0
179	16.9582127929	0
179.027502775	17	0
179.796272635	18	0
180	18.2085147351	0
> 0 contour -Z0
180	25.005370012	0
179	25.2154782414	0
178	25.5876027942	0
177	25.7473757267	0
176	25.840602532	0
175	25.8636269122	0
174	25.8043631166	0
173	25.6527440548	0
172	25.4243525863	0
171	25.2232915163	0
170	25.4412858486	0
169.62057966	26	0
170	26.5757752061	0
170.313046992	27	0
171	27.3828476369	0
171.752820745	28	0
172	28.1553672105	0
172.795120776	29	0
173	29.2212233394	0
173.490915298	30	0
174	30.9756760597	0
174.010348082	31	0
174.432136059	32	0
174.782785922	33	0
175	33.6731140018	0
175.11293149	34	0
175.476593316	35	0
175.915959321	36	0
176	36.1553106904	0
176.571904689	37	0
177	37.5168955922	0
177.540265411	38	0
178	38.3893265724	0
179	38.8685073256	0
179.242355585	39	0
180	39.4408884346	0
> 0 contour -Z0
180	44.3482024074	0
179	44.5903735757	0
178	44.8632034659	0
177.64541477	45	0
177	45.2429712415	0
176	45.725276351	0
175.541102499	46	0
175	46.4651916623	0
174.513986796	47	0
174.179902554	48	0
174.265146434	49	0
174.572607905	50	0
174.954607528	51	0
175	51.1345039904	0
175.390055656	52	0
175.753084376	53	0
176	53.8164035082	0
176.097463965	54	0
176.748125672	55	0
177	55.2137478888	0
178	55.6327085495	0
179	55.6306629777	0
180	55.0495833792	0
> 0 contour -Z0
180	65.5173287392	0
179	65.6804101169	0
178	65.4883748293	0
177	65.4909545183	0
176	65.478789866	0
175	65.4414160252	0
174	65.3727000952	0
173	65.2690545321	0
172	65.1284486055	0
171.279981077	65	0
171	64.9544688389	0
170	64.7565875351	0
169	64.5239615142	0
168	64.2596509457	0
167.099052146	64	0
167	63.9637552947	0
166	63.5916173458	0
165	63.1995860934	0
164.460722089	63	0
164	62.6224249601	0
163.240517452	62	0
163.281292737	61	0
163.654145956	60	0
163.761461496	59	0
163.043035645	58	0
163	57.9777152594	0
162	57.5063406825	0
161	57.0587232709	0
160.866538286	57	0
160	56.7421776056	0
159	56.4236412048	0
158	56.0580170155	0
157.85696727	56	0
157	55.6975167096	0
156	55.2907233834	0
155.36978516	55	0
155	54.8291427642	0
154	54.355756402	0
153.247174934	54	0
153	53.8770871833	0
152	53.4468809366	0
151	53.1136482358	0
150.489438921	53	0
150	52.8909814507	0
149	52.8003903031	0
148	52.8361412585	0
147	52.9846540857	0
146.940396953	53	0
146	53.2854003906	0
145	53.7646591067	0
144.652097762	54	0
144	54.9878346436	0
143.994207228	55	0
144	55.1954477429	0
144.024463654	56	0
144.500469238	57	0
145	57.5747286081	0
145.447802365	58	0
146	58.3590417802	0
147	58.8566779494	0
147.365955353	59	0
148	59.2006270587	0
149	59.4511023164	0
150	59.6613759995	0
151	59.8544957638	0
151.757524267	60	0
152	60.0452045798	0
153	60.2342157066	0
154	60.4480911195	0
155	60.7005174756	0
155.990443578	61	0
156	61.0036556858	0
157	61.3983592987	0
158	61.8644350171	0
158.298797369	62	0
158.932363674	63	0
158.449639738	64	0
158	64.424244523	0
157.526205182	65	0
157	65.4767249227	0
156.471692443	66	0
156	66.4468634725	0
155.400333524	67	0
155	67.4273714423	0
154.396969199	68	0
154	68.5233652592	0
153.56268838	69	0
153	69.9992281158	0
152.999446941	70	0
152.715131432	71	0
152.585294694	72	0
152.3489241	73	0
152	73.8690591455	0
151.945804153	74	0
151.559501201	75	0
151.511992961	76	0
151.993051985	77	0
152	77.0062441598	0
153	77.875677526	0
153.151944757	78	0
154	78.4418555498	0
155	78.889128387	0
155.278178334	79	0
156	79.2401562184	0
157	79.5225495696	0
158	79.7567357421	0
159	79.9509121776	0
159.293328285	80	0
160	80.1255711019	0
161	80.272908628	0
162	80.3919359744	0
163	80.4868338704	0
164	80.5608122945	0
165	80.6162573695	0
166	80.6549426913	0
167	80.678124547	0
168	80.6865848899	0
169	80.6807575226	0
170	80.6606709361	0
171	80.6260062456	0
172	80.5760524273	0
173	80.5096796155	0
174	80.4252850115	0
175	80.320661664	0
176	80.1928757876	0
177	80.0380494744	0
177.212055996	80	0
178	79.8674829006	0
179	79.8027924299	0
180	79.4291577637	0
> 0 contour -Z0
180	70.5986793637	0
179.77585192	71	0
179.755914122	72	0
180	72.4811522663	0
> 0 contour -Z0
-180	79.4291578531	0
-179	79.1412997097	0
-178.57568571	79	0
-178	78.7620173097	0
-177	78.2749608159	0
-176.516303569	78	0
-176	77.4298546612	0
-175.649657488	77	0
-175.681813926	76	0
-176	75.5862249136	0
-176.475293696	75	0
-177	74.5994269252	0
-177.867170542	74	0
-178	73.907752797	0
-179	73.2679099441	0
-179.461482346	73	0
-180	72.4811522365	0
> 0 contour -Z0
-180	70.5986793637	0
-179.247095883	70	0
-179	69.8599650264	0
-178	69.2949699461	0
-177.499280691	69	0
-177	68.5986945033	0
-176.344613731	68	0
-176.247703612	67	0
-177	66.3070708513	0
-177.447904825	66	0
-178	65.8152432591	0
-179	65.6123212278	0
-180	65.5173287392	0
> 0 contour -Z0
-180	55.0495834351	0
-179.966838308	55	0
-179.557267576	54	0
-179.116697073	53	0
-179	52.8351407647	0
-178.582355678	52	0
-178	51.1723407954	0
-177.898354389	51	0
-177.179727674	50	0
-177	49.7472467422	0
-176.479890227	49	0
-176	48.18312262	0
-175.886644468	48	0
-175.53881532	47	0
-175.567906529	46	0
-176	45.2280125618	0
-176.215559781	45	0
-177	44.4992842078	0
-178	44.2462676167	0
-179	44.2275656462	0
-180	44.3482024074	0
> 0 contour -Z0
-180	39.4408884048	0
-179	39.7007303238	0
-178	39.7606102824	0
-177	39.5634643435	0
-176.002635241	39	0
-176	38.9984830022	0
-175	38.1150852516	0
-174.89681232	38	0
-174	37.051489193	0
-173.948172271	37	0
-173	36.1984032094	0
-172.640390813	36	0
-172	35.7078714371	0
-171	35.4930462837	0
-170	35.4416698515	0
-169	35.4847304821	0
-168	35.5827115178	0
-167	35.7092100978	0
-166	35.8376076221	0
-165	35.9245693684	0
-164	35.8742808104	0
-163	35.4279772043	0
-162.644333631	35	0
-162.188670218	34	0
-162	33.2294043154	0
-161.951509759	33	0
-161.781269938	32	0
-161.516428143	31	0
-161	30.297342062	0
-160.391682386	30	0
-160	29.90054214	0
-159	29.8485506177	0
-158	29.926091373	0
-157.533316791	30	0
-157	30.0742771775	0
-156	30.2397760749	0
-155	30.3858360052	0
-154	30.4660798311	0
-153	30.4105833769	0
-152	30.1083193868	0
-151.820398822	30	0
-151	29.0632673427	0
-150.960429754	29	0
-150.848279506	28	0
-151	27.6135865748	0
-151.232485533	27	0
-151.9311416	26	0
-152	25.9137621373	0
-152.69758898	25	0
-153	24.5239260197	0
-153.337643683	24	0
-153.731088847	23	0
-153.779148161	22	0
-153.158096194	21	0
-153	20.8915368915	0
-152	20.446892947	0
-151	20.1730564535	0
-150.200580359	20	0
-150	19.9551407695	0
-149	19.7286382318	0
-148	19.472540617	0
-147	19.1284703165	0
-146.727788955	19	0
-146	18.5618997216	0
-145.233802497	18	0
-145	17.8230553865	0
-144	17.1232446209	0
-143.792711198	17	0
-143	16.6273764968	0
-142	16.2947438657	0
-141	16.0869334042	0
-140.04897064	16	0
-140	15.9953615069	0
-139.79652071	16	0
-139	16.0231319293	0
-138	16.2038466036	0
-137	16.726451695	0
-136.727214932	17	0
-136.24884069	18	0
-136	18.7858048081	0
-135.912423909	19	0
-135.388093293	20	0
-135	20.4831192791	0
-134	20.464096278	0
-133.475219548	20	0
-133	19.3709113002	0
-132.839411452	19	0
-132.80034554	18	0
-133	17.5481518209	0
-133.39404124	17	0
-134	16.4513953328	0
-134.619297624	16	0
-135	15.5962330103	0
-135.417806745	15	0
-135.565488786	14	0
-135.408945382	13	0
-135	12.093974553	0
-134.953721065	12	0
-134	11.0534298308	0
-133.926102437	11	0
-133	10.5416554213	0
-132	10.1537332237	0
-131.584005445	10	0
-131	9.77224856615	0
-130	9.05756011978	0
-129.957011964	9	0
-129.414578199	8	0
-129.099260628	7	0
-129	6.59706956148	0
-128.873627216	6	0
-128.665141016	5	0
-128.44337225	4	0
-128.197601974	3	0
-128	2.23292008042	0
-127.91916658	2	0
-127.59700039	1	0
-127.256424606	0	0
-127	-0.752130225301	0
-126.802853614	-1	0
-126	-1.66642338037	0
-125	-1.8393894136	0
-124.004477441	-2	0
-124	-2.00059652328	0
-123	-2.25380933285	0
-122	-2.55446377397	0
-121	-2.84332381189	0
-120.119439662	-3	0
-120	-3.0239238143	0
-119.701880336	-3	0
-119	-2.94421361759	0
-118	-2.43638932705	0
-117.557541907	-2	0
-117	-1.53549319506	0
-116.462521195	-1	0
-116	-0.628921180964	0
-115.160589442	0	0
-115	0.102421335876	0
-114	0.664999365807	0
-113.3811948	1	0
-113	1.21439494193	0
-112	1.9286006093	0
-111.927466571	2	0
-111.218185201	3	0
-111	3.6048784256	0
-110.890119314	4	0
-110.800774097	5	0
-110.879238248	6	0
-111	6.5501819849	0
-111.113080665	7	0
-111.504290342	8	0
-111.987413645	9	0
-112	9.02703356743	0
-112.596608341	10	0
-113	10.9966989092	0
-113.001666522	11	0
-113.201879099	12	0
-113.196989924	13	0
-113.147440612	14	0
-113.181874827	15	0
-113.425341606	16	0
-114	16.9318652973	0
-114.064555667	17	0
-115	17.6172977388	0
-116	17.9894179106	0
-116.08552406	18	0
-117	18.1265815496	0
-118	18.0425493717	0
-118.132672071	18	0
-119	17.7549061477	0
-120	17.3525798321	0
-120.806430891	17	0
-121	16.9494108818	0
-122	16.8298737854	0
-123	16.9245214835	0
-123.172904834	17	0
-123.018050501	18	0
-123	18.0121276956	0
-122	18.6379374266	0
-121.495077044	19	0
-121	19.2155845016	0
-120	19.7822752595	0
-119.786411285	20	0
-119	20.9260581136	0
-118.967444003	21	0
-118.550947547	22	0
-118.304556638	23	0
-118.178600103	24	0
-118.181604177	25	0
-118.407657206	26	0
-119	26.7420532703	0
-119.307826132	27	0
-120	27.3578058481	0
-121	27.7745899111	0
-121.546766996	28	0
-122	28.2025655508	0
-123	28.7394476235	0
-123.396995842	29	0
-124	29.7337999642	0
-124.176620871	30	0
-124.304594636	31	0
-124.086328931	32	0
-124	32.2439741045	0
-123.691548944	33	0
-123.343343735	34	0
-123.26472199	35	0
-123.6344226	36	0
-124	36.4437283278	0
-124.413811594	37	0
-125	37.640676111	0
-125.309684277	38	0
-126	38.9090808034	0
-126.06806618	39	0
-126.591542363	40	0
-126.931518376	41	0
-127	41.3470968604	0
-127.186000407	42	0
-127.784668863	43	0
-128	43.1161515713	0
-129	43.4105799198	0
-130	43.5889656544	0
-131	43.7696260363	0
-132	43.9932233142	0
-132.022045774	44	0
-133	44.3527525663	0
-134	44.835131675	0
-134.271932423	45	0
-135	45.9341569841	0
-135.044256378	46	0
-135	46.2200223356	0
-134.83730042	47	0
-134	47.8338444233	0
-133.825839281	48	0
-133	48.5310521722	0
-132.263056636	49	0
-132	49.1562880129	0
-131	49.7276214361	0
-130.523475587	50	0
-130	50.3397900462	0
-129.017100288	51	0
-129	51.0147583708	0
-128	51.8449418545	0
-127.820486188	52	0
-127	52.9364439249	0
-126.943347275	53	0
-126.314799458	54	0
-126.020360477	55	0
-126.260916591	56	0
-127	56.6486534476	0
-127.56071502	57	0
-128	57.1846202016	0
-129	57.5429421663	0
-130	57.8484117985	0
-130.538979888	58	0
-131	58.1582001448	0
-132	58.5193982124	0
-133	58.9134411439	0
-133.210765377	59	0
-134	59.8523555398	0
-134.122977383	60	0
-134	60.3687604368	0
-133.823967159	61	0
-133	61.7127643824	0
-132.680880845	62	0
-132	62.3354298174	0
-131	62.7888579965	0
-130.474314302	63	0
-130	63.1290455014	0
-129	63.3534996808	0
-128	63.5247129202	0
-127	63.645658195	0
-126	63.7204393744	0
-125	63.754172802	0
-124	63.7528671026	0
-123	63.7233449221	0
-122	63.6730701327	0
-121	63.6100545526	0
-120	63.5425933599	0
-119	63.4790342152	0
-118	63.427592814	0
-117	63.3961215615	0
-116	63.3918353319	0
-115	63.4209510386	0
-114	63.4881817997	0
-113	63.5958548784	0
-112	63.7429544926	0
-111	63.9241653085	0
-110.629497349	64	0
-110	64.1169651076	0
-109	64.3096209168	0
-108	64.4939186275	0
-107	64.6561331153	0
-106	64.7862507105	0
-105	64.8788957596	0
-104	64.933193326	0
-103	64.9516586661	0
-102	64.9389254451	0
-101	64.9005661011	0
-100	64.8422672749	0
-99	64.7694229484	0
-98	64.6869530678	0
-97	64.5994108319	0
-96	64.5111521482	0
-95	64.4266472757	0
-94	64.3508169353	0
-93	64.2894199491	0
-92	64.2495532036	0
-91	64.2401067913	0
-90	64.2723834813	0
-89	64.360626936	0
-88	64.5225243568	0
-87	64.7793614864	0
-86.382565707	65	0
-86	65.1691823304	0
-85	65.7130711079	0
-84.5467174053	66	0
-84	66.4172209501	0
-83.2446460575	67	0
-83	67.2088513076	0
-82	67.9628751874	0
-81.9414903522	68	0
-81	68.5713242292	0
-80.0563411824	69	0
-80	69.0240910277	0
-79	69.3306632638	0
-78	69.5206772685	0
-77	69.6045786142	0
-76	69.5805590153	0
-75	69.4330691397	0
-74	69.1270671636	0
-73.7315153182	69	0
-73	68.5562717915	0
-72.3759593964	68	0
-72	67.5861711502	0
-71.5567973256	67	0
-71	66.2548413873	0
-70.8117482662	66	0
-70	65.0934780315	0
-69.9002062306	65	0
-69	64.3035801351	0
-68.3862665296	64	0
-68	63.8178529739	0
-67	63.5903586149	0
-66	63.5715591311	0
-65	63.6997767091	0
-64	63.9326369762	0
-63.794075489	64	0
-63	64.2247716933	0
-62	64.5607743263	0
-61	64.9336862564	0
-60.8396782875	65	0
-60	65.3494154215	0
-59	65.7751922011	0
-58.4841996431	66	0
-58	66.2334338874	0
-57	66.7008472681	0
-56.3289234042	67	0
-56	67.1716560572	0
-55	67.6508947015	0
-54.1797263324	68	0
-54	68.0905038342	0
-53	68.5379330516	0
-52	68.9138852954	0
-51.742444098	69	0
-51	69.2852552533	0
-50	69.614503026	0
-49	69.9006285667	0
-48.6194654107	70	0
-48	70.1743150502	0
-47	70.4346950054	0
-46	70.6819275022	0
-45	70.9257636666	0
-44.6987609267	71	0
-44	71.1685261577	0
-43	71.4154126942	0
-42	71.6735476851	0
-41	71.9476472139	0
-40.8167642951	72	0
-40	72.1922376007	0
-39	72.4330634773	0
-38	72.6788944006	0
-37	72.9277948141	0
-36.7040106058	73	0
-36	73.1251805276	0
-35	73.2917113006	0
-34	73.4441566169	0
-33	73.5790528655	0
-32	73.6925210357	0
-31	73.7801616192	0
-30	73.8369669318	0
-29	73.8570708036	0
-28	73.8336076736	0
-27	73.7583084106	0
-26	73.6212337613	0
-25	73.4104481339	0
-24	73.1117526218	0
-23.7080939412	73	0
-23	72.4656368196	0
-22.4937538505	72	0
-22	71.0440040641	0
-21.9785585869	71	0
-21.4721785784	70	0
-21	69.4843355417	0
-20.5011774898	69	0
-20	68.6657385826	0
-19	68.1025026366	0
-18.7822568268	68	0
-18	67.6483284831	0
-17	67.2761801481	0
-16.0857049227	67	0
-16	66.9599285722	0
-15	66.5443610549	0
-14	66.1437770277	0
-13.6188587248	66	0
-14	65.2044255733	0
-14.0570263863	65	0
-15	64.4358898997	0
-15.5701559484	64	0
-16	63.7890776843	0
-17	63.287846148	0
-17.5959043205	63	0
-18	62.831623435	0
-19	62.4694232941	0
-20	62.1670664549	0
-20.6756465137	62	0
-21	61.9093657434	0
-22	61.6755164862	0
-23	61.4761976004	0
-24	61.2970528007	0
-25	61.1267365813	0
-25.7398680747	61	0
-26	60.9293910861	0
-27	60.6600770056	0
-28	60.4183372855	0
-29	60.2075553536	0
-30	60.029055953	0
-30.1817709804	60	0
-31	59.8033578992	0
-32	59.6443079412	0
-33	59.5461882055	0
-34	59.4915534258	0
-35	59.4702569842	0
-36	59.4758130312	0
-37	59.5034653842	0
-38	59.54864797	0
-39	59.606256932	0
-40	59.6700441539	0
-41	59.7325657308	0
-42	59.7856005579	0
-43	59.8207422048	0
-44	59.8302546442	0
-45	59.8075640351	0
-46	59.7473979294	0
-47	59.6455299854	0
-48	59.4980318546	0
-49	59.3004131913	0
-50	59.0464959145	0
-50.1513319016	59	0
-51	58.6787618101	0
-52	58.2207055092	0
-52.4119391441	58	0
-53	57.5100601315	0
-53.5244305134	57	0
-53.9457231387	56	0
-53.9853497427	55	0
-53.911627233	54	0
-53.9385617413	53	0
-54	52.7672659308	0
-54.1852439046	52	0
-54.6874369681	51	0
-55	50.5617565215	0
-55.3923409581	50	0
-56	49.2101699114	0
-56.1671747565	49	0
-56.8505401462	48	0
-57	47.6671840847	0
-57.3344404101	47	0
-57.5914618075	46	0
-57.8025051504	45	0
-58	44.6729313433	0
-58.6576126516	44	0
-59	43.8693144321	0
-60	43.6469509006	0
-61	43.5526182353	0
-62	43.5194088519	0
-63	43.4957584739	0
-64	43.4366391897	0
-65	43.296656251	0
-66	43.0249405503	0
-66.0614022017	43	0
-67	42.6772827208	0
-68	42.1737934947	0
-68.3002508879	42	0
-69	41.5690523684	0
-69.9195183292	41	0
-70	40.9321818277	0
-71	40.3791410327	0
-72	40.2969207764	0
-73	40.7575810105	0
-73.3116272688	41	0
-74	41.3851643205	0
-75	41.9467014819	0
-75.1188587621	42	0
-76	42.400616467	0
-77	42.6992648244	0
-78	42.8044304997	0
-79	42.6298371553	0
-79.8702670187	42	0
-80	41.9308917522	0
-81	41.1275897026	0
-81.1328087449	41	0
-82	40.4500268102	0
-82.9050690904	40	0
-83	39.9633334689	0
-84	39.8030439317	0
-85	39.9013005942	0
-85.2773205638	40	0
-86	40.4315697551	0
-86.5260348916	41	0
-86.6428309083	42	0
-86.0545253158	43	0
-86	43.0473903529	0
-85	43.6600900888	0
-84.162253052	44	0
-84	44.0570385717	0
-83	44.2851658165	0
-82	44.4604542553	0
-81	44.6771531701	0
-80.3175160289	45	0
-80	45.2850739956	0
-79.5918667316	46	0
-79.5948212743	47	0
-80	47.7834370136	0
-80.1018363386	48	0
-81	48.8525532335	0
-81.1613720357	49	0
-82	49.5036911666	0
-82.9567013383	50	0
-83	50.0192524195	0
-84	50.3873979449	0
-85	50.6668589711	0
-86	50.8588426411	0
-87	50.9651444145	0
-88	50.98896062	0
-89	50.9344956428	0
-90	50.8054046333	0
-91	50.6018590331	0
-92	50.3150727153	0
-92.8315175176	50	0
-93	49.9443611689	0
-94	49.6312412918	0
-95	49.3143311739	0
-96	49.0407017469	0
-96.465957284	49	0
-97	48.9737834111	0
-97.2371161878	49	0
-98	49.2504886985	0
-98.888033092	50	0
-98.5096368194	51	0
-98	51.5119404793	0
-97.5607914925	52	0
-97.0799629912	53	0
-97.6932662725	54	0
-98	54.137039721	0
-99	54.4344679713	0
-100	54.5469851792	0
-101	54.4515675306	0
-102	54.1266636848	0
-102.224635303	54	0
-103	53.3103325367	0
-103.295304775	53	0
-104	52.3019075394	0
-104.344751358	52	0
-105	51.6538412273	0
-106	51.2410143614	0
-106.719250172	51	0
-107	50.9354841113	0
-108	50.7097044885	0
-109	50.5085237324	0
-110	50.3255988955	0
-111	50.1578335166	0
-112	50.0042226911	0
-112.030345857	50	0
-113	49.8650295138	0
-114	49.7397048771	0
-115	49.6305429041	0
-116	49.5379862785	0
-117	49.4591206908	0
-118	49.386513114	0
-119	49.3076482415	0
-120	49.2047448754	0
-121	49.0533666015	0
-121.247693002	49	0
-122	48.8109369129	0
-123	48.4497410655	0
-123.833148807	48	0
-124	47.8724356145	0
-124.905617125	47	0
-125	46.8331495523	0
-125.465361178	46	0
-125.648597181	45	0
-125	44.2770050466	0
-124	44.0067807315	0
-123.950904015	44	0
-123	43.9275861382	0
-122	43.8631011844	0
-121	43.7781523466	0
-120	43.6448008418	0
-119	43.4318123162	0
-118	43.1027499959	0
-117.772123516	43	0
-117	42.6075107455	0
-116.066101849	42	0
-116	41.9420656562	0
-115	41.0458209105	0
-114.94700297	41	0
-114.063509524	40	0
-114	39.8519077897	0
-113.50836426	39	0
-113.972937183	38	0
-114	37.9874063004	0
-115	37.4851918221	0
-115.74073571	37	0
-116	36.8550725132	0
-116.988030586	36	0
-117	35.9840512704	0
-117.559737295	35	0
-117.663697839	34	0
-117.54350695	33	0
-117.352089405	32	0
-117.142722487	31	0
-117	30.3782577515	0
-116.919652075	30	0
-116.633733809	29	0
-116	28.0587370172	0
-115.952360436	28	0
-115	27.3322565854	0
-114.454023302	27	0
-114	26.7861730456	0
-113	26.2211840004	0
-112.682329476	26	0
-112	25.4897241592	0
-111.489609659	25	0
-111	24.4074061513	0
-110.723920375	24	0
-110.20654285	23	0
-110	22.5263667703	0
-109.777837068	22	0
-109.326829135	21	0
-109	20.4519590139	0
-108.68658641	20	0
-108	19.2620301545	0
-107.697329342	19	0
-107	18.4423140883	0
-106.32151252	18	0
-106	17.7517567277	0
-105	17.0973549038	0
-104.789701849	17	0
-104	16.3399470448	0
-103.29170531	16	0
-103	15.4576516151	0
-102	15.1512290984	0
-101.585699916	16	0
-101	16.2197512537	0
-100	16.4614219964	0
-99	16.2503575385	0
-98.6274096072	16	0
-98	15.277464509	0
-97.840644449	15	0
-97.9304459542	14	0
-98	13.9144201353	0
-99	13.424572289	0
-100	13.5184213817	0
-100.947921515	14	0
-101	14.0532648563	0
-102	14.9008743316	0
-102.818055719	14	0
-103	13.4127328992	0
-103.032695353	13	0
-103	12.8084926605	0
-102.806972578	12	0
-102.306624413	11	0
-102	10.5335091949	0
-101.664160043	10	0
-101.04270488	9	0
-101	8.93381893635	0
-100.51827985	8	0
-100	7.05633869767	0
-99.9757665042	7	0
-99.4415649772	6	0
-99	5.36117652059	0
-98.7801454216	5	0
-98.0288513899	4	0
-98	3.9628559351	0
-97.3009413481	3	0
-97	2.54948449135	0
-96.6285503805	2	0
-96.1182676554	1	0
-96	0.587782919407	0
-95.8057319075	0	0
-95.60079059	-1	0
-95.2731792331	-2	0
-95	-2.38848209381	0
-94.40456146	-3	0
-94	-3.25439184904	0
-93	-3.79430145025	0
-92.6517884731	-4	0
-92	-4.35214591026	0
-91.1801472902	-5	0
-91	-5.16409444809	0
-90.339164257	-6	0
-90	-6.57564684749	0
-89.7864159346	-7	0
-89.3783221841	-8	0
-89	-8.98989816941	0
-88.9956749659	-9	0
-88.4611429572	-10	0
-88	-10.5956689119	0
-87.5676278472	-11	0
-87	-11.4160767198	0
-86	-11.9128281623	0
-85.7074149847	-12	0
-85	-12.2156626582	0
-84	-12.375174284	0
-83	-12.4444940686	0
-82	-12.5073769391	0
-81	-12.6422627568	0
-80	-12.9029712304	0
-79.7740854472	-13	0
-79	-13.3846516609	0
-78.0761793256	-14	0
-78	-14.0757092237	0
-77.2656065226	-15	0
-77	-15.9919419223	0
-76.9981587293	-16	0
-77	-16.0099513987	0
-77.2184507847	-17	0
-77.7333787382	-18	0
-78	-18.4501034319	0
-78.4467237592	-19	0
-79	-19.7570949197	0
-79.2861526608	-20	0
-80	-20.6919685602	0
-80.671169728	-21	0
-81	-21.1524252594	0
-82	-21.3361583352	0
-83	-21.5015643239	0
-84	-21.8839877844	0
-84.146130383	-22	0
-85	-22.6775373816	0
-85.2468028069	-23	0
-85.9054464847	-24	0
-86	-24.1952137053	0
-86.2771776915	-25	0
-86.536138624	-26	0
-86.7842411399	-27	0
-87	-27.6332092881	0
-87.1234294772	-28	0
-87.7281644046	-29	0
-88	-29.2756102979	0
-88.8633638769	-30	0
-89	-30.0934679359	0
-90	-30.7127307653	0
-90.5734447539	-31	0
-91	-31.2577542961	0
-92	-31.7807427049	0
-92.5049064159	-32	0
-93	-32.3651552796	0
-94	-32.918078661	0
-94.1887183189	-33	0
-95	-33.7432261705	0
-95.605709672	-34	0
-96	-34.8062368035	0
-97	-34.8176872134	0
-98	-34.8882184029	0
-99	-34.9863586426	0
-99.109823823	-35	0
-100	-35.2252384126	0
-101	-35.386872381	0
-102	-35.4630013704	0
-103	-35.4303816855	0
-104	-35.2483010143	0
-104.668552697	-35	0
-105	-34.9375423789	0
-106	-34.6520436406	0
-107	-34.2622929811	0
-107.574044526	-34	0
-108	-33.8522087932	0
-109	-33.4767580628	0
-110	-33.0440766811	0
-110.091701828	-33	0
-111	-32.6132827997	0
-112	-32.0752402544	0
-112.113395162	-32	0
-113	-31.4748556614	0
-113.688254178	-31	0
-114	-30.8042125106	0
-115	-30.1493248492	0
-115.242077872	-30	0
-116	-29.5424093604	0
-117	-29.0328068137	0
-117.097553208	-29	0
-118	-28.6157545447	0
-119	-28.4113376737	0
-120	-28.5462046266	0
-120.725965828	-29	0
-121	-29.1198793352	0
-122	-29.7859361768	0
-122.267275512	-30	0
-123	-30.3931355178	0
-124	-30.8992182612	0
-124.257780194	-31	0
-125	-31.2168358862	0
-126	-31.3803674877	0
-127	-31.414090991	0
-128	-31.3442641199	0
-129	-31.2339647412	0
-130	-31.1682094783	0
-131	-31.2152764797	0
-132	-31.3940995038	0
-133	-31.6761518121	0
-133.962356914	-32	0
-134	-32.0120650502	0
-135	-32.3649049997	0
-136	-32.7074988484	0
-136.93434345	-33	0
-137	-33.0258228611	0
-138	-33.3876244724	0
-139	-33.7456538081	0
-139.643032163	-34	0
-140	-34.235367313	0
-140.916257769	-35	0
-141	-35.1488800496	0
-141.391916215	-36	0
-141.617987067	-37	0
-141.797042996	-38	0
-142	-38.7522895932	0
-142.086041629	-39	0
-143	-39.9530123472	0
-143.088873148	-40	0
-144	-40.2965521216	0
-145	-40.4794150293	0
-146	-40.581589222	0
-147	-40.6167600155	0
-148	-40.5838742256	0
-149	-40.4782263637	0
-150	-40.2968739271	0
-151	-40.0449643992	0
-151.158859521	-40	0
-152	-39.8066808581	0
-153	-39.6080245376	0
-154	-39.4996149838	0
-155	-39.5414428115	0
-156	-39.7742789984	0
-156.531098247	-40	0
-157	-40.3025651574	0
-157.839557305	-41	0
-158	-41.2274388075	0
-158.559317589	-42	0
-159	-42.8295224309	0
-159.123133242	-43	0
-160	-43.9643291831	0
-160.068751574	-44	0
-161	-44.3263151944	0
-162	-44.4401762784	0
-163	-44.4363104999	0
-164	-44.3616230786	0
-165	-44.2412210852	0
-166	-44.0984446779	0
-166.738923252	-44	0
-167	-43.9607539177	0
-168	-43.8645317554	0
-169	-43.8670981526	0
-170	-43.9950544238	0
-170.020652652	-44	0
-171	-44.1885887682	0
-172	-44.408224225	0
-173	-44.5951420069	0
-174	-44.7054117918	0
-175	-44.7132825851	0
-176	-44.6036952734	0
-177	-44.3644585013	0
-177.951873064	-44	0
-178	-43.9770610929	0
-179	-43.3005516231	0
-179.348245978	-43	0
-179.903151095	-42	0
-179.742031574	-41	0
-179.015258674	-40	0
-179	-39.9856811771	0
-178	-39.0244564414	0
-177.974160433	-39	0
-177	-38.0107098222	0
-176.989468575	-38	0
-176.297452718	-37	0
-176	-36.0141499639	0
-175.995480657	-36	0
-175.950825036	-35	0
-176	-34.6533975005	0
-176.093859456	-34	0
-176.342122227	-33	0
-176.574333012	-32	0
-176.115612552	-31	0
-176	-30.9582155421	0
-175	-30.4793729186	0
-174	-30.0117841363	0
-173.976724446	-30	0
-173	-29.5663248301	0
-172	-29.0365451574	0
-171.937507212	-29	0
-171	-28.2207680345	0
-170.791181564	-28	0
-170.392225951	-27	0
-170.437613487	-26	0
-170.794182301	-25	0
-171	-24.6920794845	0
-171.518419266	-24	0
-172	-23.5986574292	0
-172.955724716	-23	0
-173	-22.9793088436	0
-174	-22.6440623999	0
-175	-22.4872416854	0
-176	-22.5520302653	0
-177	-22.9117995501	0
-177.127248347	-23	0
-178	-23.7129742503	0
-178.24278909	-24	0
-178.836760819	-25	0
-179	-25.5816013813	0
-179.101476669	-26	0
-179.092659712	-27	0
-179	-27.511525929	0
-178.880616061	-28	0
-178.544160753	-29	0
-178.267782748	-30	0
-178.684102029	-31	0
-179	-31.1029246673	0
-180	-31.4630999863	0
> 0 contour -Z0
-180	25.0053699613	0
-179.986832224	25	0
-179	24.0208934117	0
-178.981373545	24	0
-178.918624945	23	0
-179	22.8152476102	0
-179.359555483	22	0
-180	21.2272126079	0
> 0 contour -Z0
-180	18.2085146904	0
-179	18.4253724813	0
-178.287738681	18	0
-178	17.8253781199	0
-177.638400674	17	0
-177.492142916	16	0
-177.603407562	15	0
-177.915417627	14	0
-178	13.8331847787	0
-178.536245763	13	0
-179	12.4159656763	0
-179.481259525	12	0
-180	11.6155259907	0
> 0 contour -Z0
118	74.0686372519	0
119	74.2266610563	0
120	74.3479252756	0
121	74.4358755648	0
122	74.4930858016	0
123	74.5214716792	0
124	74.5224841237	0
125	74.497199446	0
126	74.446367383	0
127	74.3704325557	0
128	74.2695248425	0
129	74.1434183866	0
129.945414007	74	0
130	73.9885556698	0
131	73.7511222363	0
132	73.4804947972	0
133	73.1734092087	0
133.509825706	73	0
134	72.7340409756	0
135	72.137017101	0
135.210381448	72	0
135.969358087	71	0
136	70.8824511766	0
136.202620283	70	0
136.219136432	69	0
136.140956968	68	0
136.025554994	67	0
136	66.9017468616	0
135.759985209	66	0
135.223284051	65	0
135	64.7817709148	0
134.114633948	64	0
134	63.9388758205	0
133	63.49789083	0
132	63.1220497489	0
131.510926247	63	0
131	62.9079126269	0
130	62.8689069897	0
129.371295989	63	0
129	63.1982970238	0
128.471602082	64	0
128.222191513	65	0
128	65.7973735929	0
127.948260907	66	0
127.360778749	67	0
127	67.2994396687	0
126	67.9283432141	0
125.853990525	68	0
125	68.3311553597	0
124	68.6204974949	0
123	68.8368057311	0
122.024826586	69	0
122	69.0047807097	0
121	69.1788830161	0
120	69.3296127915	0
119	69.4681152105	0
118	69.6048902869	0
117	69.7509330362	0
116	69.918708995	0
115.593274355	70	0
115	70.2457141876	0
114	70.7869075537	0
113.691610008	71	0
113.650867939	72	0
114	72.3410746455	0
114.767726406	73	0
115	73.1065334678	0
116	73.4987326562	0
117	73.8243676424	0
117.649107009	74	0
118	74.0686372519	0
> 0 contour -Z0
-2	69.00398314	0
-1	69.1496714652	0
0	69.2633870244	0
1	69.3395086825	0
2	69.3712866902	0
3	69.3501437008	0
4	69.2646038234	0
5	69.0988309234	0
5.38806003332	69	0
6	68.7443433404	0
7	68.1322877556	0
7.16443249583	68	0
7.69022709131	67	0
7.67968165874	66	0
7.13521718979	65	0
7	64.8836906105	0
6	64.3678796291	0
5	64.1632491946	0
4	64.1294930577	0
3	64.1925268173	0
2	64.3101913333	0
1	64.4574173093	0
0	64.6187488139	0
-1	64.7845252752	0
-2	64.9485413581	0
-2.32443553209	65	0
-3	65.1557276845	0
-4	65.3780357838	0
-5	65.5919420421	0
-6	65.7977250814	0
-7	65.9959196681	0
-7.02449605986	66	0
-7.76097297668	67	0
-7	67.3165940344	0
-6	67.853479147	0
-5.76502323151	68	0
-5	68.2126347423	0
-4	68.4918456972	0
-3	68.7599836588	0
-2.0233956147	69	0
-2	69.00398314	0
> 0 contour -Z0
28	67.0903545618	0
29	67.327380687	0
30	67.5036146641	0
31	67.6223926544	0
32	67.6842284799	0
33	67.6865958571	0
34	67.6232979894	0
35	67.4831575751	0
36	67.2475063354	0
36.7056052685	67	0
37	66.8108718991	0
37.8655073643	66	0
38	65.6037275195	0
38.1682683676	65	0
38.1821970791	64	0
38.1228781417	63	0
38.1344722509	62	0
38.5070309639	61	0
39	60.6285328269	0
40	60.3384900987	0
41	60.2321555465	0
42	60.1779102832	0
43	60.1375653595	0
44	60.0968733281	0
45	60.0502902418	0
45.9217743874	60	0
46	59.9956066608	0
47	59.9260002971	0
48	59.8521391749	0
49	59.7769842744	0
50	59.7037885189	0
51	59.6357161999	0
52	59.5754963756	0
53	59.5250380635	0
54	59.485172987	0
55	59.4552088678	0
56	59.4327350855	0
57	59.4133860171	0
58	59.3907437921	0
59	59.3563762307	0
60	59.2998892069	0
61	59.2094148695	0
62	59.0722441971	0
62.3779701293	59	0
63	58.8478135467	0
64	58.517983377	0
65	58.0908932835	0
65.1804635376	58	0
66	57.3911127448	0
66.4801334441	57	0
67	56.3312831819	0
67.265330404	56	0
67.8296938539	55	0
68	54.6683986783	0
68.4138145149	54	0
69	53.2555935085	0
69.2440620214	53	0
70	52.3319274783	0
70.3846662343	52	0
71	51.4246010482	0
71.3614663184	51	0
71.8827399611	50	0
72	49.3339163065	0
72.0430429317	49	0
72	48.5313923061	0
71.9448667169	48	0
71.5697227716	47	0
71	46.220300734	0
70.7306643724	46	0
70	45.6302548945	0
69	45.4419625998	0
68	45.4616749287	0
67	45.6147801876	0
66	45.8527690917	0
65.4872134328	46	0
65	46.1550725698	0
64	46.4590401649	0
63	46.7083031237	0
62	46.8900557011	0
61.0307220817	47	0
61	47.0032915473	0
60	47.0537953377	0
59	47.0581932068	0
58	47.0345692635	0
57.0561013259	47	0
57	46.9978722464	0
56	46.957859423	0
55	46.9264088422	0
54	46.9079558477	0
53	46.902102977	0
52	46.9046233147	0
51	46.9090679213	0
50	46.9086612165	0
49	46.8980665654	0
48	46.8748645931	0
47	46.8406250924	0
46	46.8015578985	0
45	46.7685914487	0
44	46.7567989826	0
43	46.7836184055	0
42	46.8661343306	0
41.1124964952	47	0
41	47.024554491	0
40	47.3413680196	0
39	47.7627028227	0
38.5295795202	48	0
38	48.5150792599	0
37.5368385315	49	0
37.1960060596	50	0
37.2344868779	51	0
37.5343753695	52	0
37.9544591755	53	0
38	53.5489167571	0
38.0410601497	54	0
38	54.0813615322	0
37.2875369191	55	0
37	55.2576290369	0
36	55.7915294766	0
35.041875422	56	0
35	56.012373507	0
34	56.1077464819	0
33	56.2302491069	0
32	56.5091362894	0
31	56.9431056865	0
30.9144208431	57	0
30	57.5922046602	0
29.5005802214	58	0
29	58.2728605866	0
28	58.9592928216	0
27.9509419613	59	0
27	59.5742312372	0
26.3876110315	60	0
26	60.2362456918	0
25	60.9408843145	0
24.922789447	61	0
24	61.8536590189	0
23.8520454019	62	0
23.3311432004	63	0
23.4245383143	64	0
24	64.8425192833	0
24.1072774529	65	0
25	65.7030189633	0
25.4064244628	66	0
26	66.3016096354	0
27	66.7424076796	0
27.6917159557	67	0
28	67.0903545618	0
> 0 contour -Z0
-151	65.0597297549	0
-150	65.1750371009	0
-149	65.1818803996	0
-148	65.090119116	0
-147.508970976	65	0
-147	64.8857877851	0
-146	64.5508575439	0
-145	64.1010463387	0
-144.806491449	64	0
-144	63.3590435386	0
-143.571366131	63	0
-143	62.1151161045	0
-142.915373027	62	0
-142.652903289	61	0
-142.832726896	60	0
-143	59.7512813509	0
-143.549232364	59	0
-144	58.6514002383	0
-145	58.0409194827	0
-145.093442678	58	0
-146	57.6651260257	0
-147	57.478716135	0
-148	57.4437529445	0
-149	57.515204668	0
-150	57.6607096493	0
-151	57.8639824837	0
-151.510935724	58	0
-152	58.1409302354	0
-153	58.5406064987	0
-153.816762626	59	0
-154	59.1672188044	0
-154.629953265	60	0
-154.86442709	61	0
-154.75182271	62	0
-154.341214329	63	0
-154	63.4624704123	0
-153.468588054	64	0
-153	64.3255506456	0
-152	64.7907668948	0
-151.252963752	65	0
-151	65.0597297549	0
> 0 contour -Z0
-24	56.0780496597	0
-23	56.1457965672	0
-22	56.0080560399	0
-21.9686875455	56	0
-22	55.9292648584	0
-23	55.8459216207	0
-24	55.9700634032	0
-24.1478424221	56	0
-24	56.0780496597	0
> 0 contour -Z0
-21	55.5047719181	0
-20	55.4270714521	0
-19	55.3288546205	0
-18	55.2253807932	0
-17	55.1176620722	0
-16	55.0054154051	0
-15.9589583911	55	0
-15	54.9036948681	0
-14	54.7947556973	0
-13	54.6735121608	0
-12	54.5357023478	0
-11	54.3762628436	0
-10	54.1886053681	0
-9.16043120623	54	0
-9	53.9602116346	0
-8	53.6509247422	0
-7	53.2660976052	0
-6.42509299517	53	0
-6	52.7701770067	0
-5	52.1877398789	0
-4.69623222947	52	0
-4	51.5862954259	0
-3	51.0600080714	0
-2.88824028522	51	0
-2	50.5974162817	0
-1	50.1806204766	0
-0.590467900038	50	0
0	49.7580505013	0
1	49.305675894	0
1.60346376896	49	0
2	48.7651702166	0
3	48.0515774637	0
3.06242850423	48	0
3.77454632521	47	0
4	46.0092889965	0
4.00182276976	46	0
4	45.9723010361	0
3.93746858835	45	0
3.75130820274	44	0
3.56937485933	43	0
3.47482934594	42	0
3.51549178362	41	0
3.70619273186	40	0
4	39.0699074119	0
4.03086544201	39	0
4.54127329588	38	0
5	37.1063029096	0
5.14365796745	37	0
6	36.2566934228	0
7	36.619389832	0
7.44795525074	37	0
8	37.26908198	0
9	37.8896221519	0
9.17867618799	38	0
10	38.3516882956	0
11	38.6617022753	0
12	38.808752656	0
13	38.7906181216	0
14	38.6255739331	0
15	38.3423790038	0
15.9234936833	38	0
16	37.9704470634	0
17	37.5402085781	0
18	37.1154412031	0
18.2955850065	37	0
19	36.7109460235	0
20	36.3664605916	0
21	36.0856774226	0
21.4056337476	36	0
22	35.8514566422	0
23	35.6666231751	0
24	35.5138916969	0
25	35.3583840132	0
26	35.1571086496	0
26.5829456449	35	0
27	34.805357039	0
28	34.1533073485	0
28.1899930984	34	0
28.3190021217	33	0
28	32.3151009083	0
27.8800000548	32	0
27.451305747	31	0
27.3688473105	30	0
27.7929558754	29	0
28	28.7715688348	0
28.6826125979	28	0
29	27.7282648087	0
29.9224515557	27	0
30	26.9435853958	0
31	26.4045720994	0
32	26.1126556247	0
33	26.0928457454	0
34	26.2863774598	0
35	26.595310986	0
36	26.9345276356	0
36.1900770664	27	0
37	27.2323319167	0
38	27.4794935286	0
39	27.691834867	0
40	27.8853657246	0
40.6059736013	28	0
41	28.0702118054	0
42	28.2499642074	0
43	28.4331708252	0
44	28.6181129813	0
45	28.7961522341	0
46	28.9487811327	0
46.6630088687	29	0
47	29.0336803049	0
47.5392525792	29	0
48	28.9492068887	0
49	28.1607376784	0
49.0858424976	28	0
49.3587129414	27	0
49.7035397291	26	0
50	25.549998641	0
50.3929136992	25	0
51	24.4880698025	0
51.767811656	24	0
52	23.8902694583	0
53	23.6917279959	0
54	23.8895802498	0
54.1537818313	24	0
54.7431554794	25	0
54.7541461438	26	0
54.516309917	27	0
54.3302148581	28	0
55	28.8411388993	0
55.2589893341	29	0
56	29.138426736	0
57	29.2153678685	0
58	29.2025042921	0
59	29.1220339015	0
59.9183744788	29	0
60	28.9876284003	0
61	28.7938395143	0
62	28.5897469521	0
63	28.3866221309	0
64	28.1931453198	0
65	28.015026263	0
65.1137187481	28	0
66	27.8366629481	0
67	27.6564002633	0
68	27.4122686982	0
68.7540569305	27	0
68.7701086998	26	0
68.6034709811	25	0
68.3885649443	24	0
68.1178460866	23	0
68	22.6500678957	0
67.8043727279	22	0
67.467079699	21	0
67.160840258	20	0
67.038285289	19	0
67.3428117335	18	0
68	17.3075151443	0
68.6988132	17	0
69	16.9078801274	0
70	16.900134027	0
70.4033066034	17	0
71	17.166874364	0
72	17.7000368237	0
72.3814355135	18	0
73	18.5249313712	0
73.4426218271	19	0
74	19.629953742	0
74.2789603472	20	0
74.9231651574	21	0
75	21.1772359461	0
75.3124998212	22	0
75.4160156846	23	0
75.2148088217	24	0
75	24.4475685954	0
74.6621574759	25	0
74	25.7715219259	0
73.7023716867	26	0
73	26.5524030328	0
72.0451266766	27	0
72	27.0337057114	0
71	27.5042583942	0
70.1089928746	28	0
70.4369194508	29	0
71	29.440048933	0
71.9137847796	30	0
72	30.0242629051	0
73	30.1755179912	0
74	30.2373508215	0
75	30.2654545605	0
76	30.2909968793	0
77	30.324413836	0
78	30.363920033	0
79	30.4016219676	0
80	30.4260704517	0
81	30.4202902317	0
82	30.340492934	0
82.7752066851	30	0
83	29.5587254167	0
83.0979309604	29	0
83.3450850546	28	0
83.7160815597	27	0
84	26.5299313068	0
84.3037427664	26	0
85	25.2199524492	0
85.2087541819	25	0
86	24.3873571157	0
86.5441174507	24	0
87	23.7126973271	0
88	23.0901564062	0
88.1420794129	23	0
89	22.3873815238	0
89.484043479	22	0
90	21.4296199381	0
90.344915837	21	0
90.8542586565	20	0
91	19.6095486283	0
91.2156122476	19	0
91.5528156757	18	0
91.9655202031	17	0
92	16.9257475138	0
92.4221369624	16	0
92.9287495613	15	0
93	14.7939733267	0
93.2160334587	14	0
93.129427731	13	0
93	12.8063670248	0
92	12.5341976583	0
91	12.782245189	0
90.4150941968	13	0
90	13.1603612304	0
89	13.4748571515	0
88	13.6463237703	0
87	13.6658847034	0
86	13.4902737141	0
85	13.0149860978	0
84.9804160595	13	0
84.3858031034	12	0
84.3739160597	11	0
84.6772326231	10	0
85	9.38990193605	0
85.1961112916	9	0
85.8149784803	8	0
86	7.71100616455	0
86.410215497	7	0
86.8698147535	6	0
87	5.43660524487	0
87.0883602723	5	0
87	4.03471291065	0
86.9954617023	4	0
86.4399487376	3	0
86	2.4944934845	0
85.2582216561	2	0
85	1.83055266738	0
84	1.60562488437	0
83.1867967844	2	0
83	2.13206261396	0
82.5437016785	3	0
82	3.92731321603	0
81.9663729742	4	0
81.2310925722	5	0
81	5.2200345993	0
80	5.99084878806	0
79.9838967342	6	0
79	6.45142704248	0
78	6.74007111788	0
77	6.91958706826	0
76.2786518335	7	0
76	7.03214710951	0
75	7.11248981953	0
74	7.192466259	0
73	7.29259777069	0
72	7.41294568777	0
71	7.52908331156	0
70	7.59181171656	0
69	7.52106034756	0
68	7.18721884489	0
67.716942668	7	0
67.0195534527	6	0
67	5.92858665437	0
66.774684906	5	0
66.5699130893	4	0
66.1828593463	3	0
66	2.73053351045	0
65	2.10240471363	0
64	2.41099339724	0
63.3882084489	3	0
63	3.36934274435	0
62.5543352365	4	0
62	4.73782923818	0
61.8336019963	5	0
61.1272321343	6	0
61	6.14558684826	0
60.299639225	7	0
60	7.28715807199	0
59.2115544081	8	0
59	8.16494506598	0
58	8.8093842119	0
57.5084168017	9	0
57	9.20316666365	0
56	9.28866010904	0
55	9.05672955513	0
54.884647429	9	0
54	8.64737823606	0
53	8.1484657526	0
52.7197936773	8	0
52	7.62227705121	0
51	7.11899220943	0
50.7488544583	7	0
50	6.57014027238	0
49	6.00935804844	0
48.9838081598	6	0
48	5.27460277081	0
47.6309697032	5	0
47	4.45687568188	0
46.4148674011	4	0
46	3.6730363071	0
45.0016930624	3	0
45	2.99884627503	0
44	2.36981588602	0
43.3778567016	2	0
43	1.70144584775	0
42.2468435615	1	0
42	0.651675343513	0
41.6278400421	0	0
41.1091306657	-1	0
41	-1.1554877162	0
40.4358069301	-2	0
40	-2.4637992084	0
39.5095840693	-3	0
39	-3.46862721443	0
38.4715663791	-4	0
38	-4.54188120365	0
37.6553055644	-5	0
37.219277069	-6	0
37.1125929505	-7	0
37.202659294	-8	0
37.3603008687	-9	0
37.4836267233	-10	0
37.4798584282	-11	0
37.2213591933	-12	0
37	-12.3486034572	0
36.221986711	-13	0
36	-13.1180050746	0
35	-13.3828490078	0
34	-13.508567512	0
33	-13.6542068124	0
32.1348059624	-14	0
32	-14.0892338529	0
31.4202206731	-15	0
31.2700903714	-16	0
31.4184558392	-17	0
31.7949561477	-18	0
32	-18.3677843809	0
32.4041918814	-19	0
33	-19.8228639662	0
33.1405611336	-20	0
33.8820208311	-21	0
34	-21.1936573982	0
34.5048139691	-22	0
35	-22.9962226104	0
35.0019552473	-23	0
35.4847815931	-24	0
36	-24.8783197701	0
36.0815210193	-25	0
36.9522680044	-26	0
37	-26.0440261364	0
38	-26.8224628419	0
38.3452943265	-27	0
39	-27.3450056911	0
40	-27.5297541916	0
41	-27.1628954411	0
41.1657153368	-27	0
42	-26.2161810994	0
42.1734796166	-26	0
43	-25.1965151429	0
43.2196184993	-25	0
44	-24.4433235526	0
44.9538377002	-24	0
45	-23.980594404	0
46	-23.8159451038	0
47	-23.8980373368	0
47.3837536275	-24	0
48	-24.1645112634	0
49	-24.5193978548	0
50	-24.865774855	0
50.4995539486	-25	0
51	-25.1309686899	0
52	-25.2749062777	0
53	-25.3210420609	0
54	-25.3183635473	0
55	-25.3188813925	0
56	-25.3616198301	0
57	-25.4634199142	0
58	-25.6169428527	0
59	-25.7941037118	0
60	-25.9531142898	0
60.5027314425	-26	0
61	-26.049366653	0
62	-26.0498554707	0
62.4588603973	-26	0
63	-25.941323325	0
64	-25.7562959939	0
65	-25.5427692235	0
66	-25.3548319936	0
67	-25.2322132587	0
68	-25.1944116354	0
69	-25.2440514565	0
70	-25.3712201715	0
71	-25.5531805158	0
72	-25.750571847	0
73	-25.9075848013	0
74	-25.9629560784	0
75	-25.8608155996	0
76	-25.5263080895	0
76.7270279229	-25	0
77	-24.6621851623	0
77.3760989904	-24	0
77.9564440697	-23	0
78	-22.9545019269	0
78.836341992	-22	0
79	-21.8819144592	0
80	-21.1150326133	0
80.1606091857	-21	0
81	-20.5117227733	0
82	-20.0257986784	0
83	-20.0275753736	0
83.3718685508	-21	0
83.1981185377	-22	0
83	-22.4678855538	0
82.7126016617	-23	0
82.0850043669	-24	0
82	-24.1325791627	0
81.2304926068	-25	0
81	-25.3315297663	0
80.3364964426	-26	0
80	-26.6359033585	0
79.756834805	-27	0
79.6154116988	-28	0
79.8236491084	-29	0
80	-29.3559956551	0
80.3356605172	-30	0
81	-30.654517293	0
81.6046816707	-31	0
82	-31.1481105685	0
83	-31.324929893	0
84	-31.3750036359	0
85	-31.3712934852	0
86	-31.3495980501	0
87	-31.3229475617	0
88	-31.2911705971	0
89	-31.2477810383	0
90	-31.1861692667	0
91	-31.1062537432	0
92	-31.0213983059	0
92.3792735934	-31	0
93	-30.9683449008	0
94	-30.9843558483	0
94.1133448035	-31	0
95	-31.1432929635	0
96	-31.5138282776	0
96.7680931687	-32	0
97	-32.1711209416	0
97.8422361612	-33	0
98	-33.2098068595	0
98.5083211064	-34	0
98.8127364516	-35	0
98.7323346138	-36	0
98.3199208379	-37	0
98	-37.5023451447	0
97.6301027536	-38	0
97	-38.7184221745	0
96.6747685671	-39	0
96	-39.5620780587	0
95.2145371139	-40	0
95	-40.1237154007	0
94	-40.4792732	0
93	-40.7056030035	0
92	-40.9062689543	0
91.6526353359	-41	0
91	-41.1949682832	0
90	-41.6905888319	0
89.600038588	-42	0
89	-42.5533670187	0
88.6353067756	-43	0
88.0350010842	-44	0
88	-44.1051621437	0
87.7309968472	-45	0
87.6651983857	-46	0
87.7953118682	-47	0
88	-47.8097542673	0
88.0522986129	-48	0
88.3774038851	-49	0
88.7668081522	-50	0
89	-50.4173958302	0
89.420702368	-51	0
90	-51.4604201913	0
91	-51.9866093686	0
91.0405369624	-52	0
92	-52.2133581638	0
93	-52.3259789348	0
94	-52.3340931535	0
95	-52.2216450572	0
95.8077309132	-52	0
96	-51.8997674435	0
96.8887457475	-51	0
97	-50.7453553677	0
97.2453071475	-50	0
97.5629767179	-49	0
98	-48.137577951	0
98.0752047896	-48	0
99	-47.050121069	0
99.0696151257	-47	0
100	-46.5655013323	0
101	-46.3433352709	0
102	-46.3283201456	0
103	-46.5190430582	0
104	-46.9547597952	0
104.066407584	-47	0
105	-47.9034113958	0
105.079014063	-48	0
105.747648776	-49	0
106	-49.425991714	0
106.406617016	-50	0
107	-50.8319621235	0
107.201244429	-51	0
108	-51.8295215517	0
108.568951428	-52	0
109	-52.4790053964	0
110	-52.2870135307	0
110.438549817	-52	0
111	-51.9190364555	0
112	-51.6887601614	0
113	-51.4062102437	0
114	-51.0955520868	0
114.381319642	-51	0
115	-50.8998087123	0
116	-50.8683456331	0
116.535226226	-51	0
117	-51.645776093	0
117.080793507	-52	0
117	-52.1082001552	0
116.219013274	-53	0
116	-53.1307334602	0
115	-53.5516589284	0
114	-53.8384538889	0
113	-53.9700081944	0
112	-53.9192118645	0
111	-53.6890572309	0
110	-53.3776179254	0
109	-53.180799678	0
108	-53.2442939132	0
107	-53.5552076697	0
106.065729268	-54	0
106	-54.0303362031	0
105	-54.8126117587	0
104.844726384	-55	0
104.751408339	-56	0
105	-56.4465934038	0
105.295473844	-57	0
106	-57.6366182268	0
106.421205729	-58	0
107	-58.3171861768	0
108	-58.804046154	0
108.428797245	-59	0
109	-59.1967126131	0
110	-59.5222600996	0
111	-59.8494762033	0
111.436884195	-60	0
112	-60.1813105345	0
113	-60.5215854347	0
114	-60.8794150129	0
114.3241328	-61	0
115	-61.3231929541	0
116	-61.807649985	0
116.4054012	-62	0
117	-62.7012546062	0
117.266545743	-63	0
117	-63.4412024617	0
116.681679547	-64	0
116	-64.4175133705	0
115.107326299	-65	0
115	-65.0546415597	0
114	-65.5813677907	0
113.227333114	-66	0
113	-66.1285380125	0
112	-66.6814221144	0
111.402628869	-67	0
111	-67.2564603388	0
110	-67.8215050101	0
109.639827847	-68	0
109	-68.3640035391	0
108	-68.7963573933	0
107.373209357	-69	0
107	-69.1168800667	0
106	-69.3360615671	0
105	-69.470964849	0
104	-69.5447368622	0
103	-69.5718482137	0
102	-69.5620740056	0
101	-69.5225892067	0
100	-69.4591791332	0
99	-69.376893729	0
98	-69.2804982066	0
97	-69.1746165752	0
96	-69.0637396723	0
95.4320579767	-69	0
95	-68.9435116053	0
94	-68.8178864121	0
93	-68.7037150264	0
92	-68.6040385962	0
91	-68.5205094814	0
90	-68.453543663	0
89	-68.402646482	0
88	-68.3667713404	0
87	-68.3445778489	0
86	-68.33464849	0
85	-68.3356325924	0
84	-68.3463193774	0
83	-68.3656563461	0
82	-68.392705828	0
81	-68.4265578091	0
80	-68.4662908316	0
79	-68.510828495	0
78	-68.5588300824	0
77	-68.6086235046	0
76	-68.6581121683	0
75	-68.7047386169	0
74	-68.7454075813	0
73	-68.7764722109	0
72	-68.7936630249	0
71	-68.7919114828	0
70	-68.765022099	0
69	-68.7051385641	0
68	-68.6017641425	0
67	-68.4400055408	0
66	-68.1973819584	0
65.41860044	-68	0
65	-67.7423297763	0
64.1706090569	-67	0
64	-66.5886524916	0
63.8040372431	-66	0
63.6867548823	-65	0
63.5261846483	-64	0
63.146805346	-63	0
63	-62.7953121662	0
62.5006756783	-62	0
62	-61.4113935828	0
61.7009527981	-61	0
61	-60.1302577853	0
60.9103610665	-60	0
60.1969407201	-59	0
60	-58.7275764346	0
59.5290338993	-58	0
59	-57.2403993458	0
58.839347735	-57	0
58.0198276639	-56	0
58	-55.9805327654	0
57	-55.0674782246	0
56.918485336	-55	0
56	-54.3930214942	0
55.3104627132	-54	0
55	-53.8451013565	0
54	-53.4328835607	0
53	-53.0904495195	0
52.6736903489	-53	0
52	-52.8127760887	0
51	-52.5746284127	0
50	-52.3426137567	0
49	-52.0749594942	0
48.7707624286	-52	0
48	-51.6705474257	0
47.0172375441	-51	0
47	-50.9810327888	0
46.3559939265	-50	0
46	-49.0911886916	0
45.9702490736	-49	0
45.5796391964	-48	0
45	-47.1357428282	0
44.904209502	-47	0
44	-46.2905485332	0
43.5483182073	-46	0
43	-45.7668069005	0
42	-45.4341027141	0
41	-45.2034415156	0
40	-45.0628191978	0
39.0711192489	-45	0
39	-44.9956601858	0
38	-44.9828813672	0
37.2380038351	-45	0
37	-45.0052728099	0
36	-45.0473749973	0
35	-45.0957197025	0
34	-45.141486302	0
33	-45.1805866808	0
32	-45.2139348686	0
31	-45.2475615293	0
30	-45.2921818197	0
29	-45.3620483875	0
28	-45.4723269343	0
27	-45.63474828	0
26	-45.8523131609	0
25.4317803681	-46	0
25	-46.1508063376	0
24	-46.5247021317	0
23	-46.8874571323	0
22.6451017857	-47	0
22	-47.3142729402	0
21	-47.6914565563	0
20	-47.9544641376	0
19.7250593305	-48	0
19	-48.2188772559	0
18	-48.3947934806	0
17	-48.5050593019	0
16	-48.6133502722	0
15	-48.7784067988	0
14.1250204742	-49	0
14	-49.0434778258	0
13	-49.4658216536	0
12	-49.8377841115	0
11.4620675445	-50	0
11	-50.0951861963	0
10	-50.2504709065	0
9	-50.336161375	0
8	-50.3626646996	0
7	-50.3411758244	0
6	-50.2811097801	0
5	-50.1895492077	0
4	-50.0712961629	0
3.51246884465	-50	0
3	-49.9311732054	0
2	-49.7751134634	0
1	-49.6025567651	0
0	-49.4116417766	0
-1	-49.1980137378	0
-1.8136331439	-49	0
-2	-48.9562835097	0
-3	-48.691886127	0
-4	-48.3933071792	0
-5	-48.049021326	0
-5.12568128109	-48	0
-6	-47.6472922564	0
-7	-47.1850284636	0
-7.35684019327	-47	0
-8	-46.6063882709	0
-8.87447023392	-46	0
-9	-45.8800851703	0
-9.84600424767	-45	0
-10	-44.735455513	0
-10.4208579063	-44	0
-10.7301081419	-43	0
-10.9169344306	-42	0
-11	-41.5682780147	0
-11.1277407259	-41	0
-11.4640272558	-40	0
-11.9182906747	-39	0
-12	-38.8392294645	0
-12.5336046219	-38	0
-13	-37.0252229646	0
-13.0157516003	-37	0
-13.3496560156	-36	0
-13.4042856693	-35	0
-13.3292010128	-34	0
-13.2227142006	-33	0
-13.1660527587	-32	0
-13.2584404945	-31	0
-13.6401192546	-30	0
-14	-29.5274321437	0
-14.5562586784	-29	0
-15	-28.6994134784	0
-16	-28.2190564871	0
-16.6217237115	-28	0
-17	-27.8738303185	0
-18	-27.5767133832	0
-19	-27.2918975651	0
-19.9974688888	-27	0
-20	-26.9992057681	0
-21	-26.6675120592	0
-22	-26.3710638881	0
-23	-26.1323685944	0
-23.8360929489	-26	0
-24	-25.9713514447	0
-25	-25.9067136049	0
-26	-25.9602211714	0
-26.259324491	-26	0
-27	-26.116578728	0
-28	-26.3490086496	0
-29	-26.6053131223	0
-30	-26.7642976642	0
-31	-26.4876567125	0
-31.3635061383	-26	0
-31.7302215099	-25	0
-31.9263502955	-24	0
-32	-23.5725236535	0
-32.0897480771	-23	0
-32.3134083748	-22	0
-32.6797289252	-21	0
-33	-20.4186083972	0
-33.3868926466	-20	0
-34	-19.5005950928	0
-35	-19.1645764261	0
-36	-19.0392006673	0
-36.4022234082	-19	0
-37	-18.9049540162	0
-38	-18.3595192134	0
-38.2178860456	-18	0
-38.1487059742	-17	0
-38	-16.6298539042	0
-37.722624898	-16	0
-37.138109073	-15	0
-37	-14.7866268158	0
-36.2946934104	-14	0
-36	-13.6693722904	0
-35.0379627123	-13	0
-35	-12.9698576219	0
-34	-12.4367391467	0
-33.3057090044	-12	0
-33	-11.7213386297	0
-32.4829053879	-11	0
-32.0454820842	-10	0
-32	-9.81619538367	0
-31.8290088773	-9	0
-31.6736242771	-8	0
-31.504306376	-7	0
-31.2869846523	-6	0
-31.0372308791	-5	0
-31	-4.87208892405	0
-30.7811664343	-4	0
-30.5371612906	-3	0
-30.2743988633	-2	0
-30	-1.19172388315	0
-29.9457060695	-1	0
-29.5473940372	0	0
-29.0439342	1	0
-29	1.06691293418	0
-28.5020248294	2	0
-28	2.86029821634	0
-27.9310341477	3	0
-27.4169777334	4	0
-27	4.85622555017	0
-26.9378396273	5	0
-26.5355468988	6	0
-26.1727308631	7	0
-26	7.52672255039	0
-25.8485376835	8	0
-25.5766947865	9	0
-25.3462607861	10	0
-25.1855006218	11	0
-25.1693053842	12	0
-25.4144951999	13	0
-25.9632865787	14	0
-26	14.0551142693	0
-26.8722147942	15	0
-27	15.1996973753	0
-27.546292305	16	0
-27.8200923204	17	0
-27.960157454	18	0
-28	18.2410618067	0
-28.1696557701	19	0
-28.553022027	20	0
-29	20.7307447493	0
-29.4366312623	21	0
-30	21.2555050254	0
-31	21.1904661655	0
-31.8322880864	21	0
-32	20.9611274675	0
-33	20.9655252695	0
-33.0681501925	21	0
-34	21.5889042914	0
-34.2719185054	22	0
-34.6024522781	23	0
-34.6006343961	24	0
-34.3339671791	25	0
-34	25.6685281396	0
-33.7984007597	26	0
-33	26.9456274509	0
-32.9486879706	27	0
-32	27.778375864	0
-31.7359732985	28	0
-31	28.4982431531	0
-30.3269765377	29	0
-30	29.2075610757	0
-29	29.9032871127	0
-28.8713366985	30	0
-28	30.6043701768	0
-27.4450083375	31	0
-27	31.3473672867	0
-26.1641128808	32	0
-26	32.1799441278	0
-25.242756784	33	0
-25	33.6017146111	0
-24.8326468468	34	0
-24.8926811814	35	0
-25	35.2412096262	0
-25.3003522158	36	0
-25.9790374041	37	0
-26	37.0241629481	0
-26.8070495129	38	0
-27	38.201957643	0
-27.8036973476	39	0
-28	39.1885522008	0
-29	39.9841366988	0
-29.0271206796	40	0
-30	40.6443857253	0
-30.9207237959	41	0
-31	41.0461811423	0
-32	41.2909960747	0
-33	41.1640615463	0
-33.2548592091	41	0
-34	40.6295828223	0
-34.5749627948	40	0
-35	39.5901064873	0
-35.4525953531	39	0
-36	38.4265845418	0
-36.4079723954	38	0
-37	37.5401834846	0
-37.9263277352	37	0
-38	36.9666615427	0
-39	36.6913277805	0
-40	36.5829594731	0
-41	36.6012706459	0
-42	36.7177600265	0
-43	36.9204682335	0
-43.2829235196	37	0
-44	37.24789083	0
-45	37.6937909722	0
-45.5417248607	38	0
-46	38.3161740303	0
-46.8920154572	39	0
-47	39.1013110876	0
-47.972622335	40	0
-48	40.032802403	0
-48.8953463435	41	0
-49	41.1887825727	0
-49.5334430337	42	0
-49.4974810481	43	0
-49	43.4381455779	0
-48	43.9961810112	0
-47.9868308306	44	0
-47	44.189435333	0
-46	44.2292813957	0
-45	44.1543779224	0
-44	44.0141795166	0
-43.9155933559	44	0
-43	43.8508225679	0
-42	43.7100248933	0
-41	43.6050797701	0
-40	43.5366014838	0
-39	43.4993654788	0
-38	43.486841768	0
-37	43.4949061275	0
-36	43.5262047648	0
-35	43.5973300338	0
-34	43.7487426996	0
-33.1073583066	44	0
-33	44.0181372575	0
-32	44.1960017681	0
-31	44.3617970347	0
-30	44.4947002232	0
-29	44.5917559862	0
-28	44.6636446118	0
-27	44.7273885012	0
-26	44.8048661351	0
-25	44.9296959639	0
-24.673173666	45	0
-24	45.1494822055	0
-23	45.6110419035	0
-22.5713664889	46	0
-22	46.7245806456	0
-21.855702579	47	0
-21.4279468656	48	0
-21.1009728611	49	0
-21	49.4098046124	0
-20.8457993865	50	0
-20.6613818407	51	0
-20.570836544	52	0
-20.6224271059	53	0
-20.9125730991	54	0
-21	54.3018439412	0
-21.7059018612	55	0
-21	55.5047719181	0
> 0 contour -Z0
111	48.0459156632	0
112	48.2895980179	0
113	48.3213839233	0
114	48.1884379983	0
114.673226714	48	0
115	47.8302506804	0
116	47.0977164581	0
116.105574988	47	0
116.145038143	46	0
116	45.8748985231	0
115	45.3639051318	0
114	45.1578275561	0
113	45.1937281489	0
112	45.4575067759	0
111	45.9547569975	0
110.935718074	46	0
110.329277635	47	0
110.901375793	48	0
111	48.0459156632	0
> 0 contour -Z0
27	43.322094202	0
27.1314409375	43	0
27	42.8776310906	0
26.3368158937	43	0
27	43.322094202	0
> 0 contour -Z0
145	40.517509222	0
146	40.9004951119	0
147	40.811615169	0
148	40.3235150874	0
148.369951189	40	0
149	39.563600719	0
149.602061212	39	0
150	38.6732316613	0
150.68942821	38	0
151	37.6836685538	0
151.618347943	37	0
152	36.4604806304	0
152.326227874	36	0
152.74939388	35	0
152.865795732	34	0
152.614158273	33	0
152	32.209990263	0
151.745786011	32	0
151	31.53475371	0
150	31.0736332536	0
149.848243654	31	0
149	30.5496941805	0
148	30.0876133442	0
147.780480087	30	0
147	29.6790355444	0
146	29.4871106148	0
145	29.4783082008	0
144	29.6085644364	0
143	29.8420650959	0
142.485511005	30	0
142	30.2107248902	0
141	30.7539101541	0
140.581002504	31	0
140.202183664	32	0
140.627271801	33	0
141	33.515479207	0
141.286712289	34	0
141.93472632	35	0
142	35.111898683	0
142.528699189	36	0
143	36.9715494514	0
143.01609832	37	0
143.460821807	38	0
143.861777663	39	0
144	39.3301720321	0
144.463295817	40	0
145	40.517509222	0
> 0 contour -Z0
-78	33.0593726635	0
-77.8240879178	33	0
-77.3549513817	32	0
-77.9973303312	31	0
-78	30.9980564619	0
-78.0670529753	31	0
-79	31.0620807409	0
-79.5788558125	32	0
-79	32.9536664486	0
-78.7527356744	33	0
-78	33.0593726635	0
> 0 contour -Z0
-59	33.2234019041	0
-58	33.5037167668	0
-57	33.5924098492	0
-56	33.5296928883	0
-55	33.3516549766	0
-54	33.0811593384	0
-53.7587578446	33	0
-53	32.6935099363	0
-52	32.2070615143	0
-51.6373848319	32	0
-51	31.4884975255	0
-50.4671105742	31	0
-50	30.3267073929	0
-49.7785125971	30	0
-49.3517779708	29	0
-49.0866231918	28	0
-49	27.1227074116	0
-48.9829302877	27	0
-49	26.9126325324	0
-49.5055778325	26	0
-50	25.8218631893	0
-51	25.6974301934	0
-52	25.6691913605	0
-53	25.6936087012	0
-54	25.7758915871	0
-55	25.9423975796	0
-55.2144585997	26	0
-56	26.1855896115	0
-57	26.5476903319	0
-57.7782025337	27	0
-58	27.1269018054	0
-59	27.9091717452	0
-59.087875016	28	0
-59.9559099674	29	0
-60	29.0700837374	0
-60.5077554584	30	0
-60.7163817883	31	0
-60.4818231761	32	0
-60	32.5513939261	0
-59.4671629667	33	0
-59	33.2234019041	0
> 0 contour -Z0
4	33.381472826	0
5	33.2275956869	0
5.07704114169	33	0
5.12463836372	32	0
5	31.3516286612	0
4.92863607407	31	0
4.54874747992	30	0
4.0896615833	29	0
4	28.8461706787	0
3.39392158389	28	0
3	27.5338962376	0
2.35723403096	27	0
2	26.738222748	0
1	26.3041322231	0
0	26.1008175611	0
-1	26.2804988623	0
-1.4904730916	27	0
-1.40172883868	28	0
-1.05601553991	29	0
-1	29.1009034961	0
-0.451652616262	30	0
0	30.5757074952	0
0.398988902569	31	0
1	31.5452430248	0
1.6153215766	32	0
2	32.2867190838	0
3	32.8958001733	0
3.28595751524	33	0
4	33.381472826	0
> 0 contour -Z0
85	33.0176317692	0
86	33.1651980281	0
87	33.2124254704	0
88	33.1995639205	0
89	33.1396054327	0
90	33.0301361382	0
90.1694606245	33	0
91	32.7361477017	0
92	32.2948068976	0
92.4981799722	32	0
92.8541446328	31	0
92	30.0863464475	0
91.8344076872	30	0
91	29.7631763816	0
90	29.6782260239	0
89	29.7211381793	0
88	29.8396718055	0
87	29.9967224828	0
86.9757312573	30	0
86	30.2025587559	0
85	30.3972441554	0
84	30.6450046599	0
83.5060517192	31	0
83.6899181008	32	0
84	32.2953135371	0
84.9312188253	33	0
85	33.0176317692	0
> 0 contour -Z0
-141	28.1184752584	0
-140	28.2713133991	0
-139	28.1910468638	0
-138.575616986	28	0
-138	27.5445954204	0
-137.624245554	27	0
-137.314786494	26	0
-137.34697634	25	0
-138	24.0385689139	0
-138.053398311	24	0
-139	23.6631155014	0
-140	23.5217888057	0
-141	23.5100716949	0
-142	23.664595902	0
-142.760683894	24	0
-143	24.1680769324	0
-143.646006465	25	0
-143.798431635	26	0
-143.244797781	27	0
-143	27.180073753	0
-142	27.7551707029	0
-141.377622634	28	0
-141	28.1184752584	0
> 0 contour -Z0
-170	27.0774564147	0
-169	27.3257860243	0
-168	27.4293477833	0
-167	27.3297439218	0
-166.350265682	27	0
-166.371874869	26	0
-167	25.1047433615	0
-167.073035181	25	0
-168	24.2980452776	0
-168.471279204	24	0
-169	23.7698404789	0
-170	23.530964762	0
-171	23.5137295425	0
-172	23.7915544808	0
-172.382663965	24	0
-172.607805014	25	0
-172	25.8475815058	0
-171.894554675	26	0
-171	26.5842712522	0
-170.21064654	27	0
-170	27.0774564147	0
> 0 contour -Z0
-59	22.2298878431	0
-58.4510273337	22	0
-58	21.8738251328	0
-57	21.4290412664	0
-56.169444561	21	0
-56	20.9334052801	0
-55	20.4723291397	0
-54.1750586033	20	0
-54	19.9042375684	0
-53	19.1123615876	0
-52.9076756462	19	0
-52.2923018336	18	0
-52	17.1087813973	0
-51.9746415243	17	0
-51.8851724491	16	0
-51.9555887133	15	0
-52	14.8112066537	0
-52.2467247844	14	0
-52.7878172547	13	0
-53	12.7008458376	0
-53.5589738488	12	0
-54	11.3832518458	0
-54.2405967712	11	0
-54.617996186	10	0
-54.7527187169	9	0
-54.728488028	8	0
-54.6296637058	7	0
-54.5280957818	6	0
-54.472605288	5	0
-54.4743208289	4	0
-54.4897462726	3	0
-54.4183765054	2	0
-54.1407712102	1	0
-54	0.739998161793	0
-53.5705378354	0	0
-53	-0.731625258923	0
-52.7645636052	-1	0
-52	-1.83794690669	0
-51.8159697354	-2	0
-51	-2.84248451889	0
-50.7686009258	-3	0
-50	-3.72616678476	0
-49.3395292759	-4	0
-49	-4.22388362885	0
-48	-4.15375196934	0
-47.7066874504	-4	0
-47	-3.5473537147	0
-46.5420078635	-3	0
-46.0526481532	-2	0
-46	-1.89440888166	0
-45.5045839548	-1	0
-45	-0.352413952351	0
-44.3696805537	0	0
-44	0.122782893479	0
-43.3412341475	0	0
-43	-0.12145113945	0
-42.2884554863	-1	0
-42.2488794923	-2	0
-42.7053063214	-3	0
-43	-3.43610396981	0
-43.4841142297	-4	0
-44	-4.79807412624	0
-44.1438062191	-5	0
-44.581060946	-6	0
-44.8854576573	-7	0
-45	-7.2822253406	0
-45.3393990993	-8	0
-45.9700476341	-9	0
-46	-9.03578912839	0
-47	-9.73063087463	0
-48	-9.74553376436	0
-49	-9.10921409726	0
-49.196410045	-9	0
-50	-8.63531124592	0
-51	-8.90838730335	0
-51.0869039893	-9	0
-52	-9.99429029226	0
-52.0028852224	-10	0
-52.2803251147	-11	0
-52.3200030923	-12	0
-52.2130669355	-13	0
-52.1492459774	-14	0
-52.3312724233	-15	0
-52.8829550669	-16	0
-53	-16.1265841722	0
-53.7602805048	-17	0
-54	-17.2154821604	0
-54.8945610225	-18	0
-55	-18.0919805467	0
-56	-18.9521004558	0
-56.0561312437	-19	0
-56.9408809356	-20	0
-57	-20.0932560265	0
-57.548311919	-21	0
-58	-21.9129184484	0
-58.046876967	-22	0
-58.6657674611	-23	0
-59	-23.4055920541	0
-60	-23.9615082145	0
-61	-23.9957277775	0
-62	-23.7311160564	0
-63	-23.2813649774	0
-63.4644066691	-23	0
-64	-22.5915014148	0
-64.6022529602	-22	0
-65	-21.2247117311	0
-65.0942937359	-21	0
-65.1337096095	-20	0
-65	-19.2832670808	0
-64.9302914739	-19	0
-64.652546525	-18	0
-64.6422725916	-17	0
-65	-16.3777504861	0
-65.2055824697	-16	0
-66	-15.2991921902	0
-66.297293961	-15	0
-67	-14.3983744085	0
-67.3593928814	-14	0
-68	-13.0905028507	0
-68.0485840216	-13	0
-68.3999274671	-12	0
-68.5971918702	-11	0
-68.7504027486	-10	0
-68.9487786293	-9	0
-69	-8.82061952353	0
-69.2896749675	-8	0
-69.9457504749	-7	0
-70	-6.93326854706	0
-71	-6.25611227751	0
-72	-6.03907659277	0
-72.8979358673	-6	0
-73	-5.99373733997	0
-73.3224509954	-6	0
-74	-6.00708033936	0
-75	-6.00046381768	0
-75.0055847974	-6	0
-76	-5.87008649111	0
-77	-5.52587497234	0
-77.7784281969	-5	0
-78	-4.28647467494	0
-78.0626052618	-4	0
-78	-3.90145789087	0
-77.0233454872	-3	0
-77	-2.99077667296	0
-76	-2.80576272309	0
-75	-2.75987102091	0
-74	-2.77129997313	0
-73	-2.76102514565	0
-72	-2.59444221854	0
-71.1433244348	-2	0
-71	-1.69062557817	0
-70.8330702186	-1	0
-71	-0.254995703697	0
-71.0458223857	0	0
-71.5713795424	1	0
-72	1.54566299915	0
-72.3338110149	2	0
-73	2.72335287929	0
-73.2552689612	3	0
-74	3.77983617783	0
-74.2158528119	4	0
-75	4.96498651057	0
-75.0284044892	5	0
-75.504960835	6	0
-75.5528771281	7	0
-75.0552993603	8	0
-75	8.05969244614	0
-74	8.85690289736	0
-73.7336125374	9	0
-73	9.40906766057	0
-72	9.75256288052	0
-71	9.83184176683	0
-70	9.58994889259	0
-69.0439780951	9	0
-69	8.97952985764	0
-68	8.33875307441	0
-67.5290413797	8	0
-67	7.67431384325	0
-66	7.14814983308	0
-65.4660694003	7	0
-65	6.87305152416	0
-64.1730276793	7	0
-64	7.04620486498	0
-63.2556695044	8	0
-63.0050474904	9	0
-63	9.11659006029	0
-62.9678818583	10	0
-62.9726597667	11	0
-62.8836398721	12	0
-62.5697920918	13	0
-62.0215972476	14	0
-62	14.0319321975	0
-61.3782720268	15	0
-61	15.6982126832	0
-60.8282971978	16	0
-60.4098147154	17	0
-60.1586063504	18	0
-60.0333244316	19	0
-60	19.9478714466	0
-59.9962272048	20	0
-60	20.2987055182	0
-60.0074747591	21	0
-60	21.1799504757	0
-59.7354133725	22	0
-59	22.2298878431	0
> 0 contour -Z0
4	21.2814416289	0
5	21.6854293942	0
6	21.890837431	0
7	21.9211925864	0
8	21.7427489758	0
9	21.2596883774	0
9.31184658408	21	0
9.96664685011	20	0
10	19.898976326	0
10.2510800362	19	0
10.4464436173	18	0
10.680709362	17	0
11	16.0978917331	0
11.0379790254	16	0
11.5312035084	15	0
12	14.0526148379	0
12.0238988418	14	0
12.3265343308	13	0
12.3925155103	12	0
12.232887134	11	0
12	10.3441413641	0
11.8587861657	10	0
11.2355183363	9	0
11	8.70933896303	0
10.1154382452	8	0
10	7.92603933066	0
9	7.64525476098	0
8	7.6699013412	0
7	7.9190582782	0
6.77964970469	8	0
6	8.34570759535	0
5	8.78585749865	0
4.26039016247	9	0
4	9.08364289999	0
3	9.13212484121	0
2.30766350031	9	0
2	8.94012364	0
1	8.70290318131	0
0	8.70070523024	0
-0.59585082531	9	0
-1	9.38776093721	0
-1.25821277499	10	0
-1.30555826426	11	0
-1.13647672534	12	0
-1	12.5181363225	0
-0.864089906216	13	0
-0.585920035839	14	0
-0.328159451485	15	0
-0.0433496236801	16	0
0	16.1199445203	0
0.310063183308	17	0
0.773242816329	18	0
1	18.3780242205	0
1.40988975763	19	0
2	19.7185634375	0
2.28303396702	20	0
3	20.6406091452	0
3.55939486623	21	0
4	21.2814416289	0
> 0 contour -Z0
106	15.4532761574	0
107	15.8544592857	0
108	15.7679157257	0
109	15.3546729982	0
109.561399519	15	0
110	14.5909417272	0
110.655997932	14	0
111	13.5404009819	0
111.726740837	13	0
112	12.7466326952	0
113	12.6379359961	0
114	12.9843928218	0
114.027357578	13	0
115	13.5764385462	0
115.549210995	14	0
116	14.389796108	0
116.757913783	15	0
117	15.180913806	0
118	15.4993117452	0
118.949130595	15	0
118.862864494	14	0
118.478165329	13	0
118.202326208	12	0
118.103546046	11	0
118.191674218	10	0
118.469522268	9	0
118.940859079	8	0
119	7.90930867195	0
119.549497664	7	0
120	6.37955987453	0
120.298950791	6	0
121	5.14760035276	0
121.144955203	5	0
122	4.04604648799	0
122.050448757	4	0
122.944715202	3	0
123	2.91806977987	0
123.725128949	2	0
124	1.54519635439	0
124.346654922	1	0
124.831397951	0	0
125	-0.441012203693	0
125.190369383	-1	0
125.411479652	-2	0
125.485874921	-3	0
125.314727932	-4	0
125	-4.54362744093	0
124.591651857	-5	0
124	-5.37690457702	0
123	-5.9015815258	0
122.812507987	-6	0
122	-6.41413959861	0
121.234426588	-7	0
121	-7.24254058301	0
120.440671474	-8	0
120.088998199	-9	0
120	-9.67145693302	0
119.953228533	-10	0
119.965087235	-11	0
120	-11.2899227142	0
120.06764663	-12	0
120.20536612	-13	0
120.320986807	-14	0
120.308669657	-15	0
120.022247683	-16	0
120	-16.0400658399	0
119.132362604	-17	0
119	-17.1163844764	0
118	-17.4827362001	0
117	-17.2951458395	0
116.599071413	-17	0
116	-16.610422194	0
115.384887874	-16	0
115	-15.6501068473	0
114.304870129	-15	0
114	-14.7278167605	0
113	-14.0753156766	0
112.798613518	-14	0
112	-13.6926782727	0
111	-13.529837966	0
110	-13.4444179237	0
109	-13.3107715547	0
108.041674793	-13	0
108	-12.9756871462	0
107.230535269	-12	0
107.049058735	-11	0
107.016982079	-10	0
107.002872109	-9	0
107	-8.86811721325	0
106.984983161	-8	0
106.978281925	-7	0
106.999394014	-6	0
107	-5.98916837294	0
107.053480208	-5	0
107.122707427	-4	0
107.185083389	-3	0
107.221803844	-2	0
107.221452892	-1	0
107.183341503	0	0
107.126924574	1	0
107.124268651	2	0
107.404902875	3	0
108	3.61554467678	0
108.433537543	4	0
109	4.39781576395	0
109.632850647	5	0
110	5.41682630777	0
110.366123736	6	0
110.772486076	7	0
110.925434247	8	0
110.725412399	9	0
110	9.74316444993	0
109.250485241	10	0
109	10.0557432175	0
108	10.3554544449	0
107	10.9366557077	0
106.941656493	11	0
106.046958208	12	0
106	12.0686462522	0
105.575135887	13	0
105.372300684	14	0
105.599782437	15	0
106	15.4532761574	0
> 0 contour -Z0
149	4.13328409195	0
149.541559994	4	0
150	3.88045060635	0
150.582180202	3	0
150.807592034	2	0
150.60014087	1	0
150.100271702	0	0
150	-0.134589597583	0
149	-0.694844961166	0
148	-0.414804726839	0
147.64910844	0	0
147.445729792	1	0
147.660368323	2	0
148	2.90158641338	0
148.066354632	3	0
148.881766617	4	0
149	4.13328409195	0
> 0 contour -Z0
-129	-22.933368504	0
-128	-22.9489701949	0
-127.519548863	-23	0
-127	-23.1069107652	0
-126	-23.3881499767	0
-125	-23.6771175563	0
-124	-23.8944354206	0
-123.037574947	-24	0
-124	-24.2404048145	0
-124.609161526	-25	0
-125	-25.1346762031	0
-126	-25.6992962956	0
-126.435746133	-26	0
-127	-26.2471452355	0
-128	-26.6102098227	0
-129	-26.7608337998	0
-130	-26.5559537411	0
-130.801481605	-26	0
-131	-25.7622409463	0
-131.38506636	-25	0
-131.255548835	-24	0
-131	-23.7346404493	0
-130	-23.1223838329	0
-129.485242665	-23	0
-129	-22.933368504	0
> 0 contour -Z0
121	-23.8926174641	0
121.605448782	-24	0
122	-24.0765975714	0
123	-24.8802412897	0
123.080206953	-25	0
123.412960798	-26	0
123.387969047	-27	0
123.073951229	-28	0
123	-28.1462350041	0
122.409515738	-29	0
122	-29.606972456	0
121.672410369	-30	0
121.012911255	-31	0
121	-31.0189661253	0
120.232369676	-32	0
120	-32.2412391752	0
119	-32.9785029888	0
118.948285699	-33	0
118	-33.2377898991	0
117	-33.2868366241	0
116	-33.2105063498	0
115	-33.0569672659	0
114.725833356	-33	0
114	-32.2449657023	0
113.872180343	-32	0
114	-31.9087670073	0
115	-31.0501536131	0
115.049139798	-31	0
116	-30.4958692789	0
116.73597011	-30	0
117	-29.8267853111	0
117.994845618	-29	0
118	-28.9937334708	0
118.71650514	-28	0
119	-27.1456220746	0
119.052584708	-27	0
119.318187952	-26	0
119.634681731	-25	0
120	-24.3812137842	0
120.67522639	-24	0
121	-23.8926174641	0
> 0 contour -Z0
155	-27.994017899	0
155.007305414	-28	0
156	-28.5677314699	0
156.36782971	-29	0
156.663232565	-30	0
156.296840757	-31	0
156	-31.3168017864	0
155.091554023	-32	0
155	-32.044322487	0
154	-32.1619009823	0
153.501289099	-32	0
153	-31.4784468412	0
152.830505073	-31	0
152.99673509	-30	0
153	-29.9908433966	0
153.570602894	-29	0
154	-28.2727651	0
154.981967011	-28	0
155	-27.994017899	0
> 0 contour -Z0
-52	-28.9207609296	0
-51	-28.6038089395	0
-50	-28.6111752987	0
-49	-28.7801229358	0
-48.1345911622	-29	0
-48	-29.0458405018	0
-47	-29.4560953379	0
-46	-29.8482127488	0
-45.6338337958	-30	0
-45	-30.3423039317	0
-44	-30.8475262374	0
-43.6960007548	-31	0
-43	-31.4749332666	0
-42.126365304	-32	0
-42	-32.1299209595	0
-41	-32.989235864	0
-40.9849037491	-33	0
-40.7075065076	-34	0
-41	-34.2089044303	0
-42	-34.6336004734	0
-43	-34.7467980981	0
-44	-34.6688331366	0
-45	-34.4760374427	0
-46	-34.2104376853	0
-46.6409287453	-34	0
-47	-33.8466351032	0
-48	-33.3800628781	0
-48.7627923489	-33	0
-49	-32.8447628617	0
-50	-32.1739605069	0
-50.253844142	-32	0
-51	-31.3233692944	0
-51.3885081708	-31	0
-52	-30.1730294675	0
-52.1552375555	-30	0
-52.125055477	-29	0
-52	-28.9207609296	0
> 0 contour -Z0
-95	-34.8686489463	0
-94.590493679	-35	0
-94	-35.0391854048	0
-93	-35.2960041761	0
-92	-35.8114945143	0
-91.7796075046	-36	0
-91	-36.6680025756	0
-90.7360526919	-37	0
-90.0869262218	-38	0
-90	-38.1830506325	0
-89.6720095575	-39	0
-89.4083006978	-40	0
-89.2794712782	-41	0
-89.2766960859	-42	0
-89.3882579803	-43	0
-89.6159694195	-44	0
-89.9895116221	-45	0
-90	-45.018592976	0
-90.5357236266	-46	0
-91	-46.576844275	0
-91.3469615579	-47	0
-92	-47.5923802257	0
-92.4745554924	-48	0
-93	-48.3832644224	0
-93.8958191425	-49	0
-94	-49.0707607865	0
-95	-49.7447556257	0
-95.3794294596	-50	0
-96	-50.4851522744	0
-96.648678273	-51	0
-97	-51.380479157	0
-97.5701041222	-52	0
-98	-52.7567426562	0
-98.1440937519	-53	0
-98.3739621639	-54	0
-98.2792932391	-55	0
-98	-55.7454663217	0
-97.8826803192	-56	0
-97.2608636618	-57	0
-97	-57.4190828204	0
-96.5705447495	-58	0
-96.008421123	-59	0
-96	-59.0305621028	0
-95.714222759	-60	0
-95.7570988685	-61	0
-96	-61.6046347618	0
-96.1758329272	-62	0
-97	-62.8924382329	0
-97.1207475066	-63	0
-98	-63.4770715535	0
-99	-63.8745061159	0
-99.444114387	-64	0
-100	-64.113946043	0
-101	-64.2538872659	0
-102	-64.3389846981	0
-103	-64.383123368	0
-104	-64.397488147	0
-105	-64.3907425106	0
-106	-64.3692190647	0
-107	-64.3372824788	0
-108	-64.2978312969	0
-109	-64.2525757253	0
-110	-64.2025269717	0
-111	-64.148203373	0
-112	-64.0900539979	0
-113	-64.0285820365	0
-113.45202294	-64	0
-114	-63.9662281275	0
-115	-63.9051738977	0
-116	-63.8460339308	0
-117	-63.7909496427	0
-118	-63.7427553535	0
-119	-63.7049478889	0
-120	-63.6817106009	0
-121	-63.6776736975	0
-122	-63.6973930597	0
-123	-63.744422853	0
-124	-63.8200552464	0
-125	-63.9216031432	0
-125.682025284	-64	0
-126	-64.0398197249	0
-127	-64.1538974941	0
-128	-64.2403025478	0
-129	-64.2694777846	0
-130	-64.2002692819	0
-130.866514027	-64	0
-131	-63.9592139721	0
-132	-63.3372313082	0
-132.298654288	-63	0
-132.793329298	-62	0
-133	-61.1865169704	0
-133.038146209	-61	0
-133.19561629	-60	0
-133.463608027	-59	0
-134	-58.0375020541	0
-134.022428054	-58	0
-134.909619629	-57	0
-135	-56.9054583311	0
-135.827317953	-56	0
-136	-55.654763937	0
-136.274808735	-55	0
-136.269806653	-54	0
-136.137647241	-53	0
-136.053915989	-52	0
-136.068688758	-51	0
-136.207796693	-50	0
-136.504543841	-49	0
-137	-48.0334314406	0
-137.018562641	-48	0
-137.777494252	-47	0
-138	-46.7521779537	0
-138.745800257	-46	0
-139	-45.7249392271	0
-139.707957387	-45	0
-140	-44.5884779096	0
-140.440777838	-44	0
-140.854640007	-43	0
-140.916706979	-42	0
-140.29182452	-41	0
-140	-40.8545247912	0
-139	-40.637162745	0
-138	-40.6169604063	0
-137	-40.7203271985	0
-136	-40.9124166146	0
-135.651670903	-41	0
-135	-41.1685132384	0
-134	-41.418941915	0
-133	-41.5906344652	0
-132	-41.6425876319	0
-131	-41.5626018047	0
-130	-41.3658052683	0
-129	-41.0861557722	0
-128.745711863	-41	0
-128	-40.7979114801	0
-127	-40.5297364295	0
-126	-40.2997350097	0
-125	-40.1257457733	0
-124	-40.016184926	0
-123.628444314	-40	0
-123	-39.9747948833	0
-122	-39.9956610994	0
-121.944690868	-40	0
-121	-40.0817962289	0
-120	-40.232612133	0
-119	-40.4498022795	0
-118	-40.7349593043	0
-117.217071831	-41	0
-117	-41.0785641074	0
-116	-41.4078242183	0
-115	-41.6670252681	0
-114	-41.8093440384	0
-113	-41.8051130325	0
-112	-41.6496071219	0
-111	-41.3609740734	0
-110.072440036	-41	0
-110	-40.959623348	0
-109	-40.3414915204	0
-108.428435385	-40	0
-108	-39.6721452475	0
-107	-39.0493035913	0
-106.897331119	-39	0
-106	-38.4851536155	0
-105	-38.112495482	0
-104.510382831	-38	0
-104	-37.8142254204	0
-103	-37.6073446274	0
-102	-37.4925465584	0
-101	-37.3892198205	0
-100	-37.2263572216	0
-99.136753276	-37	0
-99	-36.9167819992	0
-98	-36.2890182137	0
-97.4492290914	-36	0
-97	-35.395584166	0
-96	-35.0496287346	0
-95.4914980531	-35	0
-95	-34.8686489463	0
> 0 contour -Z0
-61	-49.9346135855	0
-60.5948655009	-50	0
-60	-50.2650869489	0
-59.3343886137	-51	0
-60	-51.8218067288	0
-61	-51.9796732068	0
-62	-51.6020015478	0
-62.7591164112	-51	0
-62	-50.1491940022	0
-61.5826905966	-50	0
-61	-49.9346135855	0
> 1 contour -Z1
76	66.0523975492	1
76.7471480966	66	1
76.9171707034	65	1
76	64.5747551322	1
75	64.5390597284	1
74.2206010818	65	1
75	65.6555581093	1
75.7045476139	66	1
76	66.0523975492	1
> 1 contour -Z1
91	40.0256870985	1
92	40.1040471941	1
93	40.0083831288	1
93.0338399559	40	1
94	39.6105052233	1
95	39.0638357922	1
95.1017029583	39	1
95.5642775297	38	1
95	37.6234436929	1
94	37.3248458505	1
93	37.2590174675	1
92	37.3430535793	1
91	37.5616703928	1
90	37.9306177422	1
89.8722879291	38	1
89.4590371251	39	1
90	39.5225624442	1
90.9015761763	40	1
91	40.0256870985	1
> 1 contour -Z1
-70	22.1802901626	1
-69	22.0323156379	1
-68.9277888313	22	1
-68	21.5001741052	1
-67.3703536987	21	1
-67	20.5151686668	1
-66.6841664016	20	1
-66.6322779953	19	1
-67	18.5176590383	1
-68	18.0797288418	1
-69	18.1597670317	1
-70	18.5010534525	1
-70.9433962107	19	1
-71	19.0548676848	1
-71.7532137632	20	1
-71.8117716312	21	1
-71	21.9458499551	1
-70.8607057333	22	1
-70	22.1802901626	1
> 1 contour -Z1
-87	9.07838541269	1
-86	9.24920971692	1
-85	9.37072905898	1
-84	9.36155098677	1
-83	9.09122850746	1
-82.8545518517	9	1
-82	8.29051464796	1
-81.7992499918	8	1
-81.2882277966	7	1
-81	6.18213941157	1
-80.943476934	6	1
-80.7196740806	5	1
-80.617177248	4	1
-80.7346335053	3	1
-81	2.4486746192	1
-81.2661806941	2	1
-82	1.30534350872	1
-82.4399740696	1	1
-83	0.667678982019	1
-84	0.305772662163	1
-85	0.226304113865	1
-86	0.442458093166	1
-87	0.942532457411	1
-87.0801112801	1	1
-88	1.64833691716	1
-88.4257058203	2	1
-89	2.48831290007	1
-89.6049295068	3	1
-90	3.35719102621	1
-90.8014823198	4	1
-91	4.18183159828	1
-92	4.97801779397	1
-92.0274174772	5	1
-93	5.98867812846	1
-93.0100953477	6	1
-93.4575625062	7	1
-93.2792054713	8	1
-93	8.27338594198	1
-92	8.69534474611	1
-91	8.7812281251	1
-90	8.77623617649	1
-89	8.80822682381	1
-88	8.91638785601	1
-87.5109956861	9	1
-87	9.07838541269	1
