1.759924173359999955e+00
1.759924173359999955e+00
0.000000000000000000e+00
0.000000000000000000e+00
7.213063836099999904e-01
0.000000000000000000e+00
7.213063836099999904e-01
0.000000000000000000e+00
0.000000000000000000e+00
0.000000000000000000e+00
0.000000000000000000e+00
0.000000000000000000e+00
0.000000000000000000e+00
0.000000000000000000e+00
0.000000000000000000e+00
0.000000000000000000e+00
0.000000000000000000e+00
0.000000000000000000e+00
4.077973365780000137e+00
0.000000000000000000e+00
0.000000000000000000e+00
4.077973365780000137e+00
2.701078414920000004e+00
0.000000000000000000e+00
0.000000000000000000e+00
0.000000000000000000e+00
0.000000000000000000e+00
0.000000000000000000e+00
0.000000000000000000e+00
0.000000000000000000e+00
0.000000000000000000e+00
4.077973365780000137e+00
4.077973365780000137e+00
0.000000000000000000e+00
4.077973365780000137e+00
2.701078414920000004e+00
4.077973365780000137e+00
3.581161975860000179e+00
0.000000000000000000e+00
4.077973365780000137e+00
4.705389022830000378e+00
4.705389022830000378e+00
0.000000000000000000e+00
4.077973365780000137e+00
4.442919731139999939e+00
5.672982692719999775e+00
0.000000000000000000e+00
9.944243431089999641e-01
0.000000000000000000e+00
4.334076404570000207e+00
4.705389022830000378e+00
4.705389022830000378e+00
0.000000000000000000e+00
0.000000000000000000e+00
0.000000000000000000e+00
4.705389022830000378e+00
0.000000000000000000e+00
4.077973365780000137e+00
4.705389022830000378e+00
0.000000000000000000e+00
0.000000000000000000e+00
0.000000000000000000e+00
0.000000000000000000e+00
4.077973365780000137e+00
0.000000000000000000e+00
0.000000000000000000e+00
0.000000000000000000e+00
