8.209698796269999654e-01
0.000000000000000000e+00
0.000000000000000000e+00
6.847661495209999671e+00
9.749050140379999618e+00
4.367682456969999905e+00
4.367682456969999905e+00
4.367682456969999905e+00
0.000000000000000000e+00
1.003762006759999936e+00
4.367682456969999905e+00
0.000000000000000000e+00
4.367682456969999905e+00
4.367682456969999905e+00
6.847661495209999671e+00
4.367682456969999905e+00
4.367682456969999905e+00
0.000000000000000000e+00
4.367682456969999905e+00
4.367682456969999905e+00
1.354606723789999911e+01
8.942436218259999237e+00
0.000000000000000000e+00
6.847661495209999671e+00
6.847661495209999671e+00
6.847661495209999671e+00
4.553181648249999824e+00
3.772646427150000203e+00
4.367682456969999905e+00
4.367682456969999905e+00
0.000000000000000000e+00
4.367682456969999905e+00
4.367682456969999905e+00
0.000000000000000000e+00
0.000000000000000000e+00
4.367682456969999905e+00
3.772646427150000203e+00
4.367682456969999905e+00
4.367682456969999905e+00
8.942436218259999237e+00
0.000000000000000000e+00
4.887221336359999668e+00
3.772646427150000203e+00
0.000000000000000000e+00
6.847661495209999671e+00
3.408374786380000021e+00
0.000000000000000000e+00
8.942436218259999237e+00
6.847661495209999671e+00
0.000000000000000000e+00
0.000000000000000000e+00
3.772646427150000203e+00
0.000000000000000000e+00
9.286561012270000415e-01
6.983347415919999968e+00
0.000000000000000000e+00
4.887221336359999668e+00
0.000000000000000000e+00
3.772646427150000203e+00
0.000000000000000000e+00
0.000000000000000000e+00
0.000000000000000000e+00
0.000000000000000000e+00
0.000000000000000000e+00
0.000000000000000000e+00
0.000000000000000000e+00
0.000000000000000000e+00
0.000000000000000000e+00
0.000000000000000000e+00
0.000000000000000000e+00
0.000000000000000000e+00
0.000000000000000000e+00
0.000000000000000000e+00
0.000000000000000000e+00
0.000000000000000000e+00
0.000000000000000000e+00
0.000000000000000000e+00
0.000000000000000000e+00
4.887221336359999668e+00
0.000000000000000000e+00
0.000000000000000000e+00
0.000000000000000000e+00
0.000000000000000000e+00
0.000000000000000000e+00
0.000000000000000000e+00
0.000000000000000000e+00
0.000000000000000000e+00
0.000000000000000000e+00
0.000000000000000000e+00
0.000000000000000000e+00
0.000000000000000000e+00
0.000000000000000000e+00
0.000000000000000000e+00
0.000000000000000000e+00
0.000000000000000000e+00
