0.000000000000000000e+00
8.497932553289999635e-01
0.000000000000000000e+00
0.000000000000000000e+00
0.000000000000000000e+00
0.000000000000000000e+00
0.000000000000000000e+00
2.004208803180000054e+00
0.000000000000000000e+00
0.000000000000000000e+00
1.301245927809999925e+00
0.000000000000000000e+00
5.556238651280000163e+00
4.052728176119999581e+00
0.000000000000000000e+00
0.000000000000000000e+00
0.000000000000000000e+00
0.000000000000000000e+00
0.000000000000000000e+00
0.000000000000000000e+00
2.004208803180000054e+00
4.052728176119999581e+00
4.052728176119999581e+00
4.052728176119999581e+00
4.052728176119999581e+00
0.000000000000000000e+00
0.000000000000000000e+00
0.000000000000000000e+00
1.699568271640000017e+00
0.000000000000000000e+00
2.004208803180000054e+00
4.052728176119999581e+00
4.052728176119999581e+00
0.000000000000000000e+00
0.000000000000000000e+00
0.000000000000000000e+00
2.004208803180000054e+00
2.004208803180000054e+00
2.004208803180000054e+00
2.004208803180000054e+00
2.004208803180000054e+00
4.052728176119999581e+00
4.052728176119999581e+00
0.000000000000000000e+00
1.699568271640000017e+00
0.000000000000000000e+00
2.004208803180000054e+00
2.004208803180000054e+00
4.052728176119999581e+00
0.000000000000000000e+00
2.004208803180000054e+00
2.492417335509999887e+00
0.000000000000000000e+00
0.000000000000000000e+00
0.000000000000000000e+00
0.000000000000000000e+00
0.000000000000000000e+00
2.004208803180000054e+00
2.004208803180000054e+00
4.052728176119999581e+00
0.000000000000000000e+00
0.000000000000000000e+00
8.404408693310000400e-01
1.699568271640000017e+00
4.052728176119999581e+00
4.052728176119999581e+00
4.052728176119999581e+00
0.000000000000000000e+00
1.982879281039999997e+00
5.556238651280000163e+00
0.000000000000000000e+00
0.000000000000000000e+00
0.000000000000000000e+00
0.000000000000000000e+00
0.000000000000000000e+00
0.000000000000000000e+00
0.000000000000000000e+00
1.699568271640000017e+00
2.004208803180000054e+00
3.001175880429999943e+00
0.000000000000000000e+00
0.000000000000000000e+00
0.000000000000000000e+00
0.000000000000000000e+00
0.000000000000000000e+00
0.000000000000000000e+00
0.000000000000000000e+00
9.150727391240000008e-01
0.000000000000000000e+00
0.000000000000000000e+00
0.000000000000000000e+00
0.000000000000000000e+00
0.000000000000000000e+00
0.000000000000000000e+00
0.000000000000000000e+00
0.000000000000000000e+00
0.000000000000000000e+00
0.000000000000000000e+00
0.000000000000000000e+00
0.000000000000000000e+00
0.000000000000000000e+00
0.000000000000000000e+00
0.000000000000000000e+00
0.000000000000000000e+00
0.000000000000000000e+00
1.699568271640000017e+00
0.000000000000000000e+00
0.000000000000000000e+00
0.000000000000000000e+00
0.000000000000000000e+00
0.000000000000000000e+00
0.000000000000000000e+00
0.000000000000000000e+00
0.000000000000000000e+00
1.699568271640000017e+00
0.000000000000000000e+00
0.000000000000000000e+00
0.000000000000000000e+00
