4.400487244130000253e-01
4.400487244130000253e-01
0.000000000000000000e+00
0.000000000000000000e+00
7.213063836099999904e-01
3.555970668790000122e+00
7.213063836099999904e-01
0.000000000000000000e+00
1.001562356950000066e+00
2.232753515240000208e+00
1.752555370330000084e+00
3.659966230389999797e+00
2.490195512770000175e+00
3.659966230389999797e+00
0.000000000000000000e+00
2.490195512770000175e+00
2.490195512770000175e+00
3.659966230389999797e+00
3.882109165190000155e+00
1.001562356950000066e+00
2.490195512770000175e+00
3.882109165190000155e+00
4.643979072569999644e+00
1.001562356950000066e+00
2.490195512770000175e+00
1.001562356950000066e+00
0.000000000000000000e+00
2.490195512770000175e+00
2.490195512770000175e+00
0.000000000000000000e+00
3.488044023510000091e+00
3.882109165190000155e+00
3.882109165190000155e+00
4.295254707339999811e+00
3.882109165190000155e+00
4.643979072569999644e+00
3.882109165190000155e+00
2.805079936979999911e+00
4.295254707339999811e+00
3.882109165190000155e+00
3.764361858370000036e+00
3.764361858370000036e+00
0.000000000000000000e+00
3.882109165190000155e+00
3.116368770599999838e+00
4.857769489289999854e+00
6.194427967070000207e+00
9.944243431089999641e-01
2.232753515240000208e+00
3.507049560550000056e+00
3.764361858370000036e+00
3.764361858370000036e+00
1.001562356950000066e+00
2.232753515240000208e+00
4.295254707339999811e+00
3.764361858370000036e+00
3.236570835110000210e+00
3.882109165190000155e+00
3.764361858370000036e+00
2.055870294570000034e+00
2.490195512770000175e+00
1.240986824039999936e+00
4.295254707339999811e+00
3.882109165190000155e+00
3.940615415569999946e+00
3.488044023510000091e+00
4.295254707339999811e+00
