0.000000000000000000e+00
8.497932553289999635e-01
0.000000000000000000e+00
0.000000000000000000e+00
0.000000000000000000e+00
0.000000000000000000e+00
0.000000000000000000e+00
1.407402276990000090e+00
0.000000000000000000e+00
0.000000000000000000e+00
1.661644339560000017e+00
0.000000000000000000e+00
5.723318576809999669e+00
6.535079002379999835e+00
0.000000000000000000e+00
0.000000000000000000e+00
0.000000000000000000e+00
0.000000000000000000e+00
0.000000000000000000e+00
0.000000000000000000e+00
1.117254137990000062e+00
6.535079002379999835e+00
6.535079002379999835e+00
6.535079002379999835e+00
6.535079002379999835e+00
0.000000000000000000e+00
0.000000000000000000e+00
0.000000000000000000e+00
1.699568271640000017e+00
0.000000000000000000e+00
1.002029538149999954e+00
6.535079002379999835e+00
6.535079002379999835e+00
0.000000000000000000e+00
0.000000000000000000e+00
0.000000000000000000e+00
1.117254137990000062e+00
1.117254137990000062e+00
1.002029538149999954e+00
1.117254137990000062e+00
1.117254137990000062e+00
6.535079002379999835e+00
6.535079002379999835e+00
0.000000000000000000e+00
1.699568271640000017e+00
0.000000000000000000e+00
1.117254137990000062e+00
1.117254137990000062e+00
6.535079002379999835e+00
0.000000000000000000e+00
1.117254137990000062e+00
1.929686069489999989e+00
0.000000000000000000e+00
0.000000000000000000e+00
0.000000000000000000e+00
0.000000000000000000e+00
0.000000000000000000e+00
1.002029538149999954e+00
1.407402276990000090e+00
6.535079002379999835e+00
0.000000000000000000e+00
0.000000000000000000e+00
1.307233095169999970e+00
1.699568271640000017e+00
6.535079002379999835e+00
6.535079002379999835e+00
6.535079002379999835e+00
0.000000000000000000e+00
9.914402961730000019e-01
5.723318576809999669e+00
0.000000000000000000e+00
0.000000000000000000e+00
0.000000000000000000e+00
0.000000000000000000e+00
0.000000000000000000e+00
0.000000000000000000e+00
0.000000000000000000e+00
1.699568271640000017e+00
1.407402276990000090e+00
7.723004341130000228e+00
0.000000000000000000e+00
0.000000000000000000e+00
0.000000000000000000e+00
9.150727391240000008e-01
0.000000000000000000e+00
9.150727391240000008e-01
0.000000000000000000e+00
1.354907393459999998e+00
0.000000000000000000e+00
0.000000000000000000e+00
0.000000000000000000e+00
0.000000000000000000e+00
0.000000000000000000e+00
0.000000000000000000e+00
0.000000000000000000e+00
0.000000000000000000e+00
0.000000000000000000e+00
0.000000000000000000e+00
0.000000000000000000e+00
0.000000000000000000e+00
0.000000000000000000e+00
0.000000000000000000e+00
0.000000000000000000e+00
0.000000000000000000e+00
0.000000000000000000e+00
1.699568271640000017e+00
0.000000000000000000e+00
0.000000000000000000e+00
0.000000000000000000e+00
0.000000000000000000e+00
0.000000000000000000e+00
0.000000000000000000e+00
0.000000000000000000e+00
0.000000000000000000e+00
1.699568271640000017e+00
0.000000000000000000e+00
0.000000000000000000e+00
0.000000000000000000e+00
