5.185647487639999831e+00
5.185647487639999831e+00
0.000000000000000000e+00
0.000000000000000000e+00
7.245384693150000111e+00
0.000000000000000000e+00
7.245384693150000111e+00
0.000000000000000000e+00
0.000000000000000000e+00
0.000000000000000000e+00
0.000000000000000000e+00
0.000000000000000000e+00
0.000000000000000000e+00
0.000000000000000000e+00
0.000000000000000000e+00
0.000000000000000000e+00
0.000000000000000000e+00
0.000000000000000000e+00
3.533202648160000070e+00
0.000000000000000000e+00
0.000000000000000000e+00
3.533202648160000070e+00
2.701078414920000004e+00
0.000000000000000000e+00
0.000000000000000000e+00
0.000000000000000000e+00
0.000000000000000000e+00
0.000000000000000000e+00
0.000000000000000000e+00
7.247470855709999604e+00
0.000000000000000000e+00
3.533202648160000070e+00
3.533202648160000070e+00
0.000000000000000000e+00
3.533202648160000070e+00
2.701078414920000004e+00
3.533202648160000070e+00
8.873808860780000529e+00
0.000000000000000000e+00
3.533202648160000070e+00
2.747716188430000095e+00
2.747716188430000095e+00
0.000000000000000000e+00
3.533202648160000070e+00
8.915425300600000824e+00
1.943138003350000087e+00
0.000000000000000000e+00
2.234951257710000139e+00
0.000000000000000000e+00
2.901648759840000036e+00
2.747716188430000095e+00
2.747716188430000095e+00
0.000000000000000000e+00
0.000000000000000000e+00
0.000000000000000000e+00
2.747716188430000095e+00
0.000000000000000000e+00
3.533202648160000070e+00
2.747716188430000095e+00
0.000000000000000000e+00
0.000000000000000000e+00
0.000000000000000000e+00
0.000000000000000000e+00
3.533202648160000070e+00
0.000000000000000000e+00
0.000000000000000000e+00
0.000000000000000000e+00
