0.000000000000000000e+00
0.000000000000000000e+00
0.000000000000000000e+00
0.000000000000000000e+00
1.219336318969999944e+01
1.386183166500000041e+01
0.000000000000000000e+00
1.317152690890000066e+01
0.000000000000000000e+00
0.000000000000000000e+00
0.000000000000000000e+00
0.000000000000000000e+00
0.000000000000000000e+00
1.279348564150000023e+01
9.949619173999999511e-01
0.000000000000000000e+00
0.000000000000000000e+00
0.000000000000000000e+00
9.949619173999999511e-01
0.000000000000000000e+00
1.317152690890000066e+01
1.199225902559999923e+01
0.000000000000000000e+00
0.000000000000000000e+00
0.000000000000000000e+00
1.279348564150000023e+01
1.317152690890000066e+01
0.000000000000000000e+00
0.000000000000000000e+00
0.000000000000000000e+00
0.000000000000000000e+00
1.317152690890000066e+01
1.279348564150000023e+01
0.000000000000000000e+00
0.000000000000000000e+00
0.000000000000000000e+00
1.163994598390000057e+01
1.163994598390000057e+01
0.000000000000000000e+00
0.000000000000000000e+00
0.000000000000000000e+00
1.279348564150000023e+01
1.279348564150000023e+01
1.317152690890000066e+01
0.000000000000000000e+00
0.000000000000000000e+00
1.279348564150000023e+01
1.317152690890000066e+01
1.317152690890000066e+01
1.317152690890000066e+01
0.000000000000000000e+00
1.317152690890000066e+01
1.317152690890000066e+01
1.317152690890000066e+01
0.000000000000000000e+00
1.317152690890000066e+01
1.279348564150000023e+01
1.317152690890000066e+01
1.317152690890000066e+01
1.317152690890000066e+01
0.000000000000000000e+00
1.317152690890000066e+01
1.317152690890000066e+01
0.000000000000000000e+00
0.000000000000000000e+00
0.000000000000000000e+00
0.000000000000000000e+00
1.279348564150000023e+01
1.279348564150000023e+01
1.279348564150000023e+01
1.279348564150000023e+01
1.317152690890000066e+01
1.317152690890000066e+01
1.256632709500000011e+01
1.279348564150000023e+01
0.000000000000000000e+00
1.498756504059999983e+01
0.000000000000000000e+00
1.317152690890000066e+01
1.398717212680000088e+01
1.317152690890000066e+01
0.000000000000000000e+00
0.000000000000000000e+00
1.498756504059999983e+01
1.398717212680000088e+01
1.398717212680000088e+01
