0.000000000000000000e+00
0.000000000000000000e+00
0.000000000000000000e+00
0.000000000000000000e+00
8.760429382319999903e+00
1.257966041559999937e+01
0.000000000000000000e+00
1.293525791170000083e+01
0.000000000000000000e+00
0.000000000000000000e+00
0.000000000000000000e+00
0.000000000000000000e+00
0.000000000000000000e+00
1.256632709500000011e+01
9.949619173999999511e-01
0.000000000000000000e+00
0.000000000000000000e+00
0.000000000000000000e+00
9.949619173999999511e-01
0.000000000000000000e+00
1.293525791170000083e+01
4.347690582280000271e+00
0.000000000000000000e+00
0.000000000000000000e+00
0.000000000000000000e+00
1.256632709500000011e+01
1.293525791170000083e+01
0.000000000000000000e+00
0.000000000000000000e+00
0.000000000000000000e+00
0.000000000000000000e+00
1.293525791170000083e+01
1.256632709500000011e+01
0.000000000000000000e+00
0.000000000000000000e+00
0.000000000000000000e+00
3.985917329789999908e+00
3.985917329789999908e+00
0.000000000000000000e+00
0.000000000000000000e+00
0.000000000000000000e+00
1.256632709500000011e+01
1.256632709500000011e+01
1.293525791170000083e+01
0.000000000000000000e+00
0.000000000000000000e+00
1.256632709500000011e+01
1.293525791170000083e+01
1.293525791170000083e+01
1.293525791170000083e+01
0.000000000000000000e+00
1.293525791170000083e+01
1.293525791170000083e+01
1.293525791170000083e+01
0.000000000000000000e+00
1.293525791170000083e+01
1.256632709500000011e+01
1.293525791170000083e+01
1.293525791170000083e+01
1.293525791170000083e+01
0.000000000000000000e+00
1.293525791170000083e+01
1.293525791170000083e+01
0.000000000000000000e+00
0.000000000000000000e+00
0.000000000000000000e+00
0.000000000000000000e+00
1.256632709500000011e+01
1.256632709500000011e+01
1.256632709500000011e+01
1.256632709500000011e+01
1.293525791170000083e+01
1.293525791170000083e+01
1.226398468020000010e+01
1.256632709500000011e+01
0.000000000000000000e+00
1.000392317770000039e+00
0.000000000000000000e+00
1.293525791170000083e+01
0.000000000000000000e+00
1.293525791170000083e+01
0.000000000000000000e+00
0.000000000000000000e+00
1.000392317770000039e+00
0.000000000000000000e+00
0.000000000000000000e+00
