0.000000000000000000e+00
3.214707374570000109e+00
0.000000000000000000e+00
0.000000000000000000e+00
0.000000000000000000e+00
0.000000000000000000e+00
0.000000000000000000e+00
4.193470954900000436e+00
0.000000000000000000e+00
0.000000000000000000e+00
2.492417335509999887e+00
0.000000000000000000e+00
5.098896503449999784e+00
6.962691307070000057e+00
0.000000000000000000e+00
0.000000000000000000e+00
0.000000000000000000e+00
0.000000000000000000e+00
0.000000000000000000e+00
0.000000000000000000e+00
3.701691150669999875e+00
6.962691307070000057e+00
6.962691307070000057e+00
6.962691307070000057e+00
6.962691307070000057e+00
0.000000000000000000e+00
0.000000000000000000e+00
0.000000000000000000e+00
3.908541679379999856e+00
0.000000000000000000e+00
3.214925765989999906e+00
6.962691307070000057e+00
6.962691307070000057e+00
0.000000000000000000e+00
0.000000000000000000e+00
0.000000000000000000e+00
3.701691150669999875e+00
3.701691150669999875e+00
3.214925765989999906e+00
3.701691150669999875e+00
3.701691150669999875e+00
6.962691307070000057e+00
6.962691307070000057e+00
0.000000000000000000e+00
3.908541679379999856e+00
0.000000000000000000e+00
3.701691150669999875e+00
3.701691150669999875e+00
6.962691307070000057e+00
0.000000000000000000e+00
3.701691150669999875e+00
0.000000000000000000e+00
0.000000000000000000e+00
0.000000000000000000e+00
0.000000000000000000e+00
0.000000000000000000e+00
0.000000000000000000e+00
3.214925765989999906e+00
4.193470954900000436e+00
6.962691307070000057e+00
0.000000000000000000e+00
0.000000000000000000e+00
2.698009729389999833e+00
3.908541679379999856e+00
6.962691307070000057e+00
6.962691307070000057e+00
6.962691307070000057e+00
0.000000000000000000e+00
1.405152916910000105e+00
5.098896503449999784e+00
0.000000000000000000e+00
0.000000000000000000e+00
0.000000000000000000e+00
0.000000000000000000e+00
0.000000000000000000e+00
0.000000000000000000e+00
0.000000000000000000e+00
3.908541679379999856e+00
4.193470954900000436e+00
8.163303375239999937e+00
0.000000000000000000e+00
0.000000000000000000e+00
0.000000000000000000e+00
1.991888761520000051e+00
0.000000000000000000e+00
1.991888761520000051e+00
0.000000000000000000e+00
2.194898605350000143e+00
0.000000000000000000e+00
0.000000000000000000e+00
0.000000000000000000e+00
0.000000000000000000e+00
0.000000000000000000e+00
0.000000000000000000e+00
0.000000000000000000e+00
0.000000000000000000e+00
0.000000000000000000e+00
0.000000000000000000e+00
0.000000000000000000e+00
0.000000000000000000e+00
0.000000000000000000e+00
0.000000000000000000e+00
0.000000000000000000e+00
0.000000000000000000e+00
0.000000000000000000e+00
3.908541679379999856e+00
0.000000000000000000e+00
0.000000000000000000e+00
0.000000000000000000e+00
0.000000000000000000e+00
0.000000000000000000e+00
0.000000000000000000e+00
0.000000000000000000e+00
0.000000000000000000e+00
3.908541679379999856e+00
0.000000000000000000e+00
0.000000000000000000e+00
0.000000000000000000e+00
