0.000000000000000000e+00
1.188568234439999927e+00
6.627951622010000321e+00
0.000000000000000000e+00
0.000000000000000000e+00
0.000000000000000000e+00
0.000000000000000000e+00
2.194898605350000143e+00
0.000000000000000000e+00
1.001237869259999913e+00
2.194898605350000143e+00
2.745172023769999914e+00
2.745172023769999914e+00
2.587997198100000062e+00
1.001401305199999925e+00
2.745172023769999914e+00
5.289642810820000207e+00
2.001640081410000160e+00
0.000000000000000000e+00
0.000000000000000000e+00
0.000000000000000000e+00
0.000000000000000000e+00
2.745172023769999914e+00
2.001640081410000160e+00
0.000000000000000000e+00
0.000000000000000000e+00
0.000000000000000000e+00
3.720351457600000078e+00
0.000000000000000000e+00
0.000000000000000000e+00
3.353198766709999834e+00
0.000000000000000000e+00
0.000000000000000000e+00
3.335943460459999788e+00
