3.283673763279999935e+00
0.000000000000000000e+00
0.000000000000000000e+00
3.905071258540000034e+00
6.627951622010000321e+00
3.828025341030000028e+00
3.828025341030000028e+00
3.828025341030000028e+00
0.000000000000000000e+00
2.389801740649999839e+00
3.828025341030000028e+00
0.000000000000000000e+00
3.828025341030000028e+00
3.828025341030000028e+00
3.905071258540000034e+00
3.828025341030000028e+00
3.828025341030000028e+00
0.000000000000000000e+00
3.828025341030000028e+00
3.828025341030000028e+00
0.000000000000000000e+00
6.961647987370000124e+00
0.000000000000000000e+00
3.905071258540000034e+00
3.905071258540000034e+00
3.905071258540000034e+00
1.785220623020000064e+00
3.122422218320000109e+00
3.828025341030000028e+00
3.828025341030000028e+00
0.000000000000000000e+00
3.828025341030000028e+00
3.828025341030000028e+00
0.000000000000000000e+00
0.000000000000000000e+00
3.828025341030000028e+00
3.122422218320000109e+00
3.828025341030000028e+00
3.828025341030000028e+00
6.961647987370000124e+00
0.000000000000000000e+00
2.051270961759999789e+00
3.122422218320000109e+00
0.000000000000000000e+00
3.905071258540000034e+00
1.359429478650000078e+00
0.000000000000000000e+00
6.961647987370000124e+00
3.905071258540000034e+00
0.000000000000000000e+00
0.000000000000000000e+00
3.122422218320000109e+00
0.000000000000000000e+00
2.101622104640000099e+00
6.961647987370000124e+00
0.000000000000000000e+00
2.051270961759999789e+00
0.000000000000000000e+00
3.122422218320000109e+00
0.000000000000000000e+00
0.000000000000000000e+00
0.000000000000000000e+00
0.000000000000000000e+00
0.000000000000000000e+00
0.000000000000000000e+00
0.000000000000000000e+00
0.000000000000000000e+00
0.000000000000000000e+00
0.000000000000000000e+00
0.000000000000000000e+00
0.000000000000000000e+00
0.000000000000000000e+00
0.000000000000000000e+00
0.000000000000000000e+00
0.000000000000000000e+00
0.000000000000000000e+00
0.000000000000000000e+00
0.000000000000000000e+00
2.051270961759999789e+00
0.000000000000000000e+00
0.000000000000000000e+00
0.000000000000000000e+00
0.000000000000000000e+00
0.000000000000000000e+00
0.000000000000000000e+00
0.000000000000000000e+00
0.000000000000000000e+00
0.000000000000000000e+00
0.000000000000000000e+00
0.000000000000000000e+00
0.000000000000000000e+00
0.000000000000000000e+00
0.000000000000000000e+00
0.000000000000000000e+00
0.000000000000000000e+00
