7.252636432650000131e+00
7.252636432650000131e+00
0.000000000000000000e+00
0.000000000000000000e+00
8.348512649539999941e+00
0.000000000000000000e+00
8.348512649539999941e+00
0.000000000000000000e+00
0.000000000000000000e+00
2.935955822469999976e-01
0.000000000000000000e+00
0.000000000000000000e+00
0.000000000000000000e+00
0.000000000000000000e+00
0.000000000000000000e+00
0.000000000000000000e+00
0.000000000000000000e+00
0.000000000000000000e+00
2.113042116169999929e+00
0.000000000000000000e+00
0.000000000000000000e+00
2.113042116169999929e+00
1.800740838050000070e+00
0.000000000000000000e+00
0.000000000000000000e+00
0.000000000000000000e+00
0.000000000000000000e+00
0.000000000000000000e+00
0.000000000000000000e+00
8.043494224550000737e+00
0.000000000000000000e+00
2.113042116169999929e+00
2.113042116169999929e+00
0.000000000000000000e+00
2.113042116169999929e+00
1.800740838050000070e+00
2.113042116169999929e+00
7.937970161440000005e+00
0.000000000000000000e+00
2.113042116169999929e+00
2.731709241869999971e+00
2.731709241869999971e+00
0.000000000000000000e+00
2.113042116169999929e+00
7.862530708309999561e+00
2.914696455000000075e+00
0.000000000000000000e+00
9.944243431089999641e-01
2.935955822469999976e-01
2.901648759840000036e+00
2.731709241869999971e+00
2.731709241869999971e+00
0.000000000000000000e+00
2.935955822469999976e-01
0.000000000000000000e+00
2.731709241869999971e+00
0.000000000000000000e+00
2.113042116169999929e+00
2.731709241869999971e+00
0.000000000000000000e+00
0.000000000000000000e+00
0.000000000000000000e+00
0.000000000000000000e+00
2.113042116169999929e+00
0.000000000000000000e+00
0.000000000000000000e+00
0.000000000000000000e+00
