0.000000000000000000e+00
0.000000000000000000e+00
0.000000000000000000e+00
0.000000000000000000e+00
6.043184280400000219e+00
1.407134914399999914e+01
0.000000000000000000e+00
1.317152690890000066e+01
0.000000000000000000e+00
0.000000000000000000e+00
0.000000000000000000e+00
0.000000000000000000e+00
0.000000000000000000e+00
1.279348564150000023e+01
6.829165458680000356e+00
0.000000000000000000e+00
0.000000000000000000e+00
0.000000000000000000e+00
6.829165458680000356e+00
0.000000000000000000e+00
1.317152690890000066e+01
1.199225902559999923e+01
6.800755977629999727e+00
0.000000000000000000e+00
0.000000000000000000e+00
1.279348564150000023e+01
1.317152690890000066e+01
0.000000000000000000e+00
0.000000000000000000e+00
6.800755977629999727e+00
0.000000000000000000e+00
1.317152690890000066e+01
1.279348564150000023e+01
0.000000000000000000e+00
0.000000000000000000e+00
0.000000000000000000e+00
1.163994598390000057e+01
1.163994598390000057e+01
0.000000000000000000e+00
0.000000000000000000e+00
0.000000000000000000e+00
1.279348564150000023e+01
1.279348564150000023e+01
1.317152690890000066e+01
0.000000000000000000e+00
0.000000000000000000e+00
1.279348564150000023e+01
1.317152690890000066e+01
1.317152690890000066e+01
1.317152690890000066e+01
0.000000000000000000e+00
1.317152690890000066e+01
1.317152690890000066e+01
1.317152690890000066e+01
0.000000000000000000e+00
1.317152690890000066e+01
1.279348564150000023e+01
1.317152690890000066e+01
1.317152690890000066e+01
1.317152690890000066e+01
0.000000000000000000e+00
1.317152690890000066e+01
1.317152690890000066e+01
0.000000000000000000e+00
0.000000000000000000e+00
0.000000000000000000e+00
0.000000000000000000e+00
1.279348564150000023e+01
1.279348564150000023e+01
1.279348564150000023e+01
1.279348564150000023e+01
1.317152690890000066e+01
1.317152690890000066e+01
1.256632709500000011e+01
1.279348564150000023e+01
0.000000000000000000e+00
1.514221096039999992e+01
0.000000000000000000e+00
1.317152690890000066e+01
1.415601825709999950e+01
1.317152690890000066e+01
0.000000000000000000e+00
0.000000000000000000e+00
1.514221096039999992e+01
1.415601825709999950e+01
1.415601825709999950e+01
