0.000000000000000000e+00
0.000000000000000000e+00
0.000000000000000000e+00
0.000000000000000000e+00
3.504985332489999994e+00
0.000000000000000000e+00
0.000000000000000000e+00
0.000000000000000000e+00
0.000000000000000000e+00
0.000000000000000000e+00
0.000000000000000000e+00
1.995754957199999957e+00
0.000000000000000000e+00
0.000000000000000000e+00
0.000000000000000000e+00
0.000000000000000000e+00
2.628793954849999892e+00
0.000000000000000000e+00
0.000000000000000000e+00
3.504985332489999994e+00
2.653698921200000171e+00
2.653698921200000171e+00
2.653698921200000171e+00
2.015866851810000071e+01
9.397066116330000440e+00
2.075311851500000060e+01
2.015866851810000071e+01
0.000000000000000000e+00
0.000000000000000000e+00
0.000000000000000000e+00
0.000000000000000000e+00
2.653698921200000171e+00
0.000000000000000000e+00
0.000000000000000000e+00
0.000000000000000000e+00
2.653698921200000171e+00
2.653698921200000171e+00
0.000000000000000000e+00
3.504985332489999994e+00
2.628793954849999892e+00
0.000000000000000000e+00
0.000000000000000000e+00
0.000000000000000000e+00
0.000000000000000000e+00
0.000000000000000000e+00
3.504985332489999994e+00
1.769157171250000049e+00
2.015866851810000071e+01
0.000000000000000000e+00
0.000000000000000000e+00
0.000000000000000000e+00
0.000000000000000000e+00
2.653698921200000171e+00
0.000000000000000000e+00
0.000000000000000000e+00
0.000000000000000000e+00
2.653698921200000171e+00
2.653698921200000171e+00
2.075311851500000060e+01
0.000000000000000000e+00
0.000000000000000000e+00
0.000000000000000000e+00
0.000000000000000000e+00
0.000000000000000000e+00
0.000000000000000000e+00
2.653698921200000171e+00
2.603088617320000075e+00
0.000000000000000000e+00
0.000000000000000000e+00
3.504985332489999994e+00
3.504985332489999994e+00
0.000000000000000000e+00
0.000000000000000000e+00
0.000000000000000000e+00
0.000000000000000000e+00
0.000000000000000000e+00
2.653698921200000171e+00
0.000000000000000000e+00
0.000000000000000000e+00
2.628793954849999892e+00
0.000000000000000000e+00
3.504985332489999994e+00
2.628793954849999892e+00
0.000000000000000000e+00
0.000000000000000000e+00
2.653698921200000171e+00
0.000000000000000000e+00
0.000000000000000000e+00
0.000000000000000000e+00
0.000000000000000000e+00
0.000000000000000000e+00
3.504985332489999994e+00
0.000000000000000000e+00
0.000000000000000000e+00
1.769157171250000049e+00
0.000000000000000000e+00
0.000000000000000000e+00
0.000000000000000000e+00
1.769157171250000049e+00
2.015866851810000071e+01
0.000000000000000000e+00
0.000000000000000000e+00
0.000000000000000000e+00
0.000000000000000000e+00
0.000000000000000000e+00
3.504985332489999994e+00
3.470707654949999998e+00
2.603088617320000075e+00
1.809776878359999941e+01
0.000000000000000000e+00
0.000000000000000000e+00
2.628793954849999892e+00
3.504985332489999994e+00
1.815713405609999942e+00
3.504985332489999994e+00
3.504985332489999994e+00
2.603088617320000075e+00
0.000000000000000000e+00
3.504985332489999994e+00
2.603088617320000075e+00
0.000000000000000000e+00
0.000000000000000000e+00
0.000000000000000000e+00
3.504985332489999994e+00
0.000000000000000000e+00
0.000000000000000000e+00
1.893000030520000010e+01
0.000000000000000000e+00
3.993543863300000218e+00
2.628793954849999892e+00
2.628793954849999892e+00
0.000000000000000000e+00
0.000000000000000000e+00
0.000000000000000000e+00
0.000000000000000000e+00
1.893000030520000010e+01
0.000000000000000000e+00
2.653698921200000171e+00
2.141514015199999932e+01
0.000000000000000000e+00
0.000000000000000000e+00
1.759533882139999861e+01
0.000000000000000000e+00
3.504985332489999994e+00
1.837058448790000043e+01
0.000000000000000000e+00
0.000000000000000000e+00
0.000000000000000000e+00
0.000000000000000000e+00
0.000000000000000000e+00
1.837058448790000043e+01
0.000000000000000000e+00
1.759533882139999861e+01
0.000000000000000000e+00
0.000000000000000000e+00
1.893000030520000010e+01
1.933975601199999872e+01
1.837058448790000043e+01
0.000000000000000000e+00
0.000000000000000000e+00
0.000000000000000000e+00
0.000000000000000000e+00
1.759533882139999861e+01
0.000000000000000000e+00
1.893000030520000010e+01
