0.000000000000000000e+00
9.973070025439999542e-01
0.000000000000000000e+00
0.000000000000000000e+00
0.000000000000000000e+00
0.000000000000000000e+00
0.000000000000000000e+00
3.511107444759999918e+00
0.000000000000000000e+00
0.000000000000000000e+00
8.308321237560000183e-01
0.000000000000000000e+00
4.688957214360000236e+00
3.270983457569999864e+00
0.000000000000000000e+00
0.000000000000000000e+00
0.000000000000000000e+00
0.000000000000000000e+00
0.000000000000000000e+00
0.000000000000000000e+00
3.009893178940000080e+00
3.270983457569999864e+00
3.270983457569999864e+00
3.270983457569999864e+00
3.270983457569999864e+00
0.000000000000000000e+00
0.000000000000000000e+00
0.000000000000000000e+00
1.307233095169999970e+00
0.000000000000000000e+00
2.508507251740000221e+00
3.270983457569999864e+00
3.270983457569999864e+00
0.000000000000000000e+00
0.000000000000000000e+00
0.000000000000000000e+00
3.009893178940000080e+00
3.009893178940000080e+00
2.508507251740000221e+00
3.009893178940000080e+00
3.009893178940000080e+00
3.270983457569999864e+00
3.270983457569999864e+00
0.000000000000000000e+00
1.307233095169999970e+00
0.000000000000000000e+00
3.009893178940000080e+00
3.009893178940000080e+00
3.270983457569999864e+00
0.000000000000000000e+00
3.009893178940000080e+00
0.000000000000000000e+00
0.000000000000000000e+00
0.000000000000000000e+00
0.000000000000000000e+00
0.000000000000000000e+00
0.000000000000000000e+00
2.508507251740000221e+00
3.511107444759999918e+00
3.270983457569999864e+00
0.000000000000000000e+00
0.000000000000000000e+00
0.000000000000000000e+00
1.307233095169999970e+00
3.270983457569999864e+00
3.270983457569999864e+00
3.270983457569999864e+00
0.000000000000000000e+00
1.982879281039999997e+00
4.688957214360000236e+00
0.000000000000000000e+00
0.000000000000000000e+00
0.000000000000000000e+00
0.000000000000000000e+00
0.000000000000000000e+00
0.000000000000000000e+00
0.000000000000000000e+00
1.307233095169999970e+00
3.511107444759999918e+00
2.782364368440000124e+00
0.000000000000000000e+00
0.000000000000000000e+00
0.000000000000000000e+00
2.987648963929999901e+00
0.000000000000000000e+00
2.987648963929999901e+00
0.000000000000000000e+00
2.987648963929999901e+00
0.000000000000000000e+00
0.000000000000000000e+00
0.000000000000000000e+00
0.000000000000000000e+00
0.000000000000000000e+00
0.000000000000000000e+00
0.000000000000000000e+00
0.000000000000000000e+00
0.000000000000000000e+00
0.000000000000000000e+00
0.000000000000000000e+00
0.000000000000000000e+00
0.000000000000000000e+00
0.000000000000000000e+00
0.000000000000000000e+00
0.000000000000000000e+00
0.000000000000000000e+00
1.307233095169999970e+00
0.000000000000000000e+00
0.000000000000000000e+00
0.000000000000000000e+00
0.000000000000000000e+00
0.000000000000000000e+00
0.000000000000000000e+00
0.000000000000000000e+00
0.000000000000000000e+00
1.307233095169999970e+00
0.000000000000000000e+00
0.000000000000000000e+00
0.000000000000000000e+00
