0.000000000000000000e+00
0.000000000000000000e+00
0.000000000000000000e+00
0.000000000000000000e+00
9.030770301820000512e+00
6.235583305359999606e+00
1.997115015979999963e+00
8.547593116759999887e+00
9.991675615309999481e-01
0.000000000000000000e+00
1.997115015979999963e+00
7.450897097590000184e-01
9.672228693959999957e-01
8.807709693910000581e+00
1.951246380810000014e+00
0.000000000000000000e+00
9.991675615309999481e-01
9.991675615309999481e-01
1.951246380810000014e+00
0.000000000000000000e+00
8.547593116759999887e+00
4.144836902619999819e+00
1.943138003350000087e+00
8.108570575710000172e-01
0.000000000000000000e+00
8.807709693910000581e+00
8.547593116759999887e+00
0.000000000000000000e+00
0.000000000000000000e+00
1.943138003350000087e+00
1.997115015979999963e+00
8.547593116759999887e+00
8.807709693910000581e+00
0.000000000000000000e+00
0.000000000000000000e+00
2.971549510960000084e+00
3.985917329789999908e+00
3.985917329789999908e+00
9.672228693959999957e-01
0.000000000000000000e+00
9.672228693959999957e-01
8.807709693910000581e+00
8.807709693910000581e+00
8.547593116759999887e+00
0.000000000000000000e+00
0.000000000000000000e+00
8.807709693910000581e+00
8.547593116759999887e+00
8.547593116759999887e+00
8.547593116759999887e+00
9.672228693959999957e-01
8.547593116759999887e+00
8.547593116759999887e+00
8.547593116759999887e+00
2.971549510960000084e+00
8.547593116759999887e+00
8.807709693910000581e+00
8.547593116759999887e+00
8.547593116759999887e+00
8.547593116759999887e+00
0.000000000000000000e+00
8.547593116759999887e+00
8.547593116759999887e+00
2.971549510960000084e+00
1.997115015979999963e+00
0.000000000000000000e+00
0.000000000000000000e+00
8.807709693910000581e+00
8.807709693910000581e+00
8.807709693910000581e+00
8.807709693910000581e+00
8.547593116759999887e+00
8.547593116759999887e+00
9.566091537480000184e+00
8.807709693910000581e+00
9.672228693959999957e-01
1.621406555180000097e+00
1.997115015979999963e+00
8.547593116759999887e+00
1.000218987460000042e+00
8.547593116759999887e+00
0.000000000000000000e+00
9.672228693959999957e-01
1.621406555180000097e+00
1.000218987460000042e+00
1.000218987460000042e+00
