1.759924173359999955e+00
1.759924173359999955e+00
0.000000000000000000e+00
0.000000000000000000e+00
1.228892683980000067e+00
0.000000000000000000e+00
1.228892683980000067e+00
0.000000000000000000e+00
0.000000000000000000e+00
2.935955822469999976e-01
0.000000000000000000e+00
0.000000000000000000e+00
0.000000000000000000e+00
0.000000000000000000e+00
0.000000000000000000e+00
0.000000000000000000e+00
0.000000000000000000e+00
0.000000000000000000e+00
2.197477817539999823e+00
0.000000000000000000e+00
0.000000000000000000e+00
2.197477817539999823e+00
1.800740838050000070e+00
0.000000000000000000e+00
0.000000000000000000e+00
0.000000000000000000e+00
0.000000000000000000e+00
0.000000000000000000e+00
0.000000000000000000e+00
1.242736935619999983e+00
9.974670410160000333e-01
2.197477817539999823e+00
2.197477817539999823e+00
9.974670410160000333e-01
2.197477817539999823e+00
1.800740838050000070e+00
2.197477817539999823e+00
3.571731805799999826e+00
9.974670410160000333e-01
2.197477817539999823e+00
2.823300838469999796e+00
2.823300838469999796e+00
0.000000000000000000e+00
2.197477817539999823e+00
4.204583644869999581e+00
2.914696455000000075e+00
0.000000000000000000e+00
9.944182038309999916e-01
2.935955822469999976e-01
1.934440851209999979e+00
2.823300838469999796e+00
2.823300838469999796e+00
0.000000000000000000e+00
2.935955822469999976e-01
9.974670410160000333e-01
2.823300838469999796e+00
0.000000000000000000e+00
2.197477817539999823e+00
2.823300838469999796e+00
0.000000000000000000e+00
0.000000000000000000e+00
0.000000000000000000e+00
9.974670410160000333e-01
2.197477817539999823e+00
0.000000000000000000e+00
9.974670410160000333e-01
9.974670410160000333e-01
