0.000000000000000000e+00
0.000000000000000000e+00
0.000000000000000000e+00
0.000000000000000000e+00
1.752555370330000084e+00
0.000000000000000000e+00
0.000000000000000000e+00
0.000000000000000000e+00
0.000000000000000000e+00
0.000000000000000000e+00
0.000000000000000000e+00
2.993884325029999793e+00
0.000000000000000000e+00
0.000000000000000000e+00
0.000000000000000000e+00
0.000000000000000000e+00
2.628793954849999892e+00
0.000000000000000000e+00
0.000000000000000000e+00
1.752555370330000084e+00
2.823080062869999907e+00
2.823080062869999907e+00
2.823080062869999907e+00
1.844028472899999826e+01
3.008225202559999811e+00
1.875504112240000154e+01
1.844028472899999826e+01
0.000000000000000000e+00
0.000000000000000000e+00
0.000000000000000000e+00
0.000000000000000000e+00
2.823080062869999907e+00
0.000000000000000000e+00
0.000000000000000000e+00
0.000000000000000000e+00
2.823080062869999907e+00
2.823080062869999907e+00
0.000000000000000000e+00
1.752555370330000084e+00
2.628793954849999892e+00
0.000000000000000000e+00
0.000000000000000000e+00
0.000000000000000000e+00
0.000000000000000000e+00
0.000000000000000000e+00
1.752555370330000084e+00
2.653698921200000171e+00
1.844028472899999826e+01
0.000000000000000000e+00
0.000000000000000000e+00
0.000000000000000000e+00
0.000000000000000000e+00
2.823080062869999907e+00
0.000000000000000000e+00
0.000000000000000000e+00
0.000000000000000000e+00
2.823080062869999907e+00
2.823080062869999907e+00
1.875504112240000154e+01
0.000000000000000000e+00
0.000000000000000000e+00
0.000000000000000000e+00
0.000000000000000000e+00
0.000000000000000000e+00
0.000000000000000000e+00
2.823080062869999907e+00
2.799468755719999979e+00
0.000000000000000000e+00
0.000000000000000000e+00
1.752555370330000084e+00
1.752555370330000084e+00
0.000000000000000000e+00
0.000000000000000000e+00
0.000000000000000000e+00
0.000000000000000000e+00
0.000000000000000000e+00
2.823080062869999907e+00
0.000000000000000000e+00
0.000000000000000000e+00
2.628793954849999892e+00
0.000000000000000000e+00
1.752555370330000084e+00
2.628793954849999892e+00
0.000000000000000000e+00
0.000000000000000000e+00
2.823080062869999907e+00
0.000000000000000000e+00
0.000000000000000000e+00
0.000000000000000000e+00
0.000000000000000000e+00
0.000000000000000000e+00
1.752555370330000084e+00
0.000000000000000000e+00
0.000000000000000000e+00
2.653698921200000171e+00
0.000000000000000000e+00
0.000000000000000000e+00
0.000000000000000000e+00
2.653698921200000171e+00
1.844028472899999826e+01
0.000000000000000000e+00
0.000000000000000000e+00
0.000000000000000000e+00
0.000000000000000000e+00
0.000000000000000000e+00
1.752555370330000084e+00
2.008798122409999998e+00
2.799468755719999979e+00
1.093070983890000036e+01
0.000000000000000000e+00
0.000000000000000000e+00
2.628793954849999892e+00
1.752555370330000084e+00
0.000000000000000000e+00
1.752555370330000084e+00
1.752555370330000084e+00
2.799468755719999979e+00
0.000000000000000000e+00
1.752555370330000084e+00
2.799468755719999979e+00
0.000000000000000000e+00
0.000000000000000000e+00
0.000000000000000000e+00
1.752555370330000084e+00
0.000000000000000000e+00
0.000000000000000000e+00
1.812516784669999836e+01
0.000000000000000000e+00
4.626398563390000440e+00
2.628793954849999892e+00
2.628793954849999892e+00
0.000000000000000000e+00
0.000000000000000000e+00
0.000000000000000000e+00
0.000000000000000000e+00
1.812516784669999836e+01
0.000000000000000000e+00
2.823080062869999907e+00
1.697377777100000174e+01
0.000000000000000000e+00
0.000000000000000000e+00
1.120076751709999918e+01
0.000000000000000000e+00
1.752555370330000084e+00
1.136193466189999945e+01
0.000000000000000000e+00
0.000000000000000000e+00
0.000000000000000000e+00
0.000000000000000000e+00
0.000000000000000000e+00
1.136193466189999945e+01
0.000000000000000000e+00
1.120076751709999918e+01
0.000000000000000000e+00
0.000000000000000000e+00
1.812516784669999836e+01
1.856505012510000086e+01
1.136193466189999945e+01
0.000000000000000000e+00
0.000000000000000000e+00
0.000000000000000000e+00
0.000000000000000000e+00
1.120076751709999918e+01
1.815713405609999942e+00
1.812516784669999836e+01
