0.000000000000000000e+00
6.711164712910000496e-01
6.711164712910000496e-01
0.000000000000000000e+00
4.381113529210000301e+00
0.000000000000000000e+00
6.711164712910000496e-01
6.711164712910000496e-01
0.000000000000000000e+00
6.711164712910000496e-01
6.711164712910000496e-01
3.847320318219999979e+00
6.711164712910000496e-01
0.000000000000000000e+00
0.000000000000000000e+00
0.000000000000000000e+00
4.985762119290000349e+00
0.000000000000000000e+00
0.000000000000000000e+00
4.381113529210000301e+00
5.306995868679999617e+00
5.306995868679999617e+00
5.306995868679999617e+00
6.676942348479999900e+00
2.585538625719999928e+00
7.420220851899999914e+00
6.676942348479999900e+00
6.711164712910000496e-01
6.711164712910000496e-01
6.711164712910000496e-01
0.000000000000000000e+00
5.306995868679999617e+00
0.000000000000000000e+00
0.000000000000000000e+00
0.000000000000000000e+00
5.306995868679999617e+00
5.306995868679999617e+00
6.711164712910000496e-01
4.381113529210000301e+00
4.985762119290000349e+00
7.784641742709999868e+00
0.000000000000000000e+00
0.000000000000000000e+00
0.000000000000000000e+00
0.000000000000000000e+00
4.381113529210000301e+00
6.043680667880000357e+00
6.676942348479999900e+00
6.711164712910000496e-01
0.000000000000000000e+00
6.711164712910000496e-01
6.711164712910000496e-01
5.306995868679999617e+00
0.000000000000000000e+00
0.000000000000000000e+00
0.000000000000000000e+00
5.306995868679999617e+00
5.306995868679999617e+00
7.420220851899999914e+00
6.711164712910000496e-01
6.711164712910000496e-01
0.000000000000000000e+00
6.711164712910000496e-01
0.000000000000000000e+00
0.000000000000000000e+00
5.306995868679999617e+00
3.988918781280000214e+00
0.000000000000000000e+00
0.000000000000000000e+00
4.381113529210000301e+00
4.381113529210000301e+00
7.784641742709999868e+00
0.000000000000000000e+00
0.000000000000000000e+00
0.000000000000000000e+00
0.000000000000000000e+00
5.306995868679999617e+00
0.000000000000000000e+00
0.000000000000000000e+00
4.985762119290000349e+00
0.000000000000000000e+00
4.381113529210000301e+00
4.985762119290000349e+00
6.711164712910000496e-01
6.711164712910000496e-01
5.306995868679999617e+00
0.000000000000000000e+00
7.784641742709999868e+00
6.711164712910000496e-01
0.000000000000000000e+00
0.000000000000000000e+00
4.381113529210000301e+00
1.642436504359999994e+00
1.642436504359999994e+00
6.043680667880000357e+00
1.000218987460000042e+00
1.000218987460000042e+00
0.000000000000000000e+00
6.043680667880000357e+00
6.676942348479999900e+00
6.711164712910000496e-01
0.000000000000000000e+00
0.000000000000000000e+00
6.711164712910000496e-01
0.000000000000000000e+00
4.381113529210000301e+00
4.078355789179999746e+00
3.988918781280000214e+00
1.063611602779999998e+01
0.000000000000000000e+00
6.711164712910000496e-01
4.985762119290000349e+00
4.381113529210000301e+00
0.000000000000000000e+00
4.381113529210000301e+00
4.381113529210000301e+00
3.988918781280000214e+00
6.711164712910000496e-01
4.381113529210000301e+00
3.988918781280000214e+00
0.000000000000000000e+00
0.000000000000000000e+00
0.000000000000000000e+00
4.381113529210000301e+00
0.000000000000000000e+00
0.000000000000000000e+00
5.718126297000000413e+00
0.000000000000000000e+00
0.000000000000000000e+00
4.985762119290000349e+00
4.985762119290000349e+00
1.642436504359999994e+00
0.000000000000000000e+00
0.000000000000000000e+00
1.000564575200000084e+00
5.718126297000000413e+00
0.000000000000000000e+00
5.306995868679999617e+00
7.869040489199999655e+00
0.000000000000000000e+00
1.000564575200000084e+00
1.142399024959999920e+01
0.000000000000000000e+00
4.381113529210000301e+00
1.047575855260000033e+01
0.000000000000000000e+00
0.000000000000000000e+00
0.000000000000000000e+00
0.000000000000000000e+00
1.642436504359999994e+00
1.047575855260000033e+01
0.000000000000000000e+00
1.142399024959999920e+01
0.000000000000000000e+00
0.000000000000000000e+00
5.718126297000000413e+00
6.004222869870000423e+00
1.047575855260000033e+01
0.000000000000000000e+00
0.000000000000000000e+00
0.000000000000000000e+00
0.000000000000000000e+00
1.142399024959999920e+01
0.000000000000000000e+00
5.718126297000000413e+00
