0.000000000000000000e+00
9.308149218560000104e-01
2.144403934480000107e+00
0.000000000000000000e+00
0.000000000000000000e+00
0.000000000000000000e+00
0.000000000000000000e+00
6.239322662350000215e+00
0.000000000000000000e+00
0.000000000000000000e+00
6.239322662350000215e+00
1.350219130519999977e+00
1.350219130519999977e+00
0.000000000000000000e+00
0.000000000000000000e+00
1.350219130519999977e+00
5.084338188170000272e+00
0.000000000000000000e+00
0.000000000000000000e+00
0.000000000000000000e+00
3.061023235319999980e+00
4.893199920649999868e+00
1.350219130519999977e+00
0.000000000000000000e+00
0.000000000000000000e+00
5.326971054080000378e+00
0.000000000000000000e+00
4.112893104550000345e+00
0.000000000000000000e+00
3.518426895140000177e+00
4.589357852940000093e+00
0.000000000000000000e+00
0.000000000000000000e+00
0.000000000000000000e+00
