3.736880064010000169e+00
3.736880064010000169e+00
3.721770763399999904e+00
3.736880064010000169e+00
3.736880064010000169e+00
3.736880064010000169e+00
3.736880064010000169e+00
3.736880064010000169e+00
0.000000000000000000e+00
0.000000000000000000e+00
4.591700077059999607e+00
3.736880064010000169e+00
2.556305408480000096e+00
3.974813222889999942e+00
1.313095808029999922e+00
3.736880064010000169e+00
2.556305408480000096e+00
3.736880064010000169e+00
3.736880064010000169e+00
1.313095808029999922e+00
3.736880064010000169e+00
1.313095808029999922e+00
0.000000000000000000e+00
3.721770763399999904e+00
3.736880064010000169e+00
2.556305408480000096e+00
2.556305408480000096e+00
3.736880064010000169e+00
5.354355335240000180e+00
0.000000000000000000e+00
0.000000000000000000e+00
2.556305408480000096e+00
3.736880064010000169e+00
3.736880064010000169e+00
3.736880064010000169e+00
0.000000000000000000e+00
6.040631294249999783e+00
0.000000000000000000e+00
4.922585487370000124e+00
3.736880064010000169e+00
0.000000000000000000e+00
2.199827194210000059e+00
0.000000000000000000e+00
0.000000000000000000e+00
0.000000000000000000e+00
2.556305408480000096e+00
3.736880064010000169e+00
0.000000000000000000e+00
0.000000000000000000e+00
0.000000000000000000e+00
0.000000000000000000e+00
1.859596252440000042e+00
0.000000000000000000e+00
0.000000000000000000e+00
0.000000000000000000e+00
3.627546072009999900e+00
0.000000000000000000e+00
0.000000000000000000e+00
1.877642393109999919e+00
1.859596252440000042e+00
1.859596252440000042e+00
0.000000000000000000e+00
0.000000000000000000e+00
3.627546072009999900e+00
0.000000000000000000e+00
0.000000000000000000e+00
