0.000000000000000000e+00
0.000000000000000000e+00
0.000000000000000000e+00
0.000000000000000000e+00
2.782364368440000124e+00
0.000000000000000000e+00
2.782364368440000124e+00
3.006534337999999806e+00
0.000000000000000000e+00
0.000000000000000000e+00
8.308321237560000183e-01
0.000000000000000000e+00
5.556238651280000163e+00
4.001220703120000444e+00
0.000000000000000000e+00
0.000000000000000000e+00
2.782364368440000124e+00
0.000000000000000000e+00
0.000000000000000000e+00
2.000957012180000216e+00
3.006534337999999806e+00
4.001220703120000444e+00
4.001220703120000444e+00
4.001220703120000444e+00
4.001220703120000444e+00
0.000000000000000000e+00
0.000000000000000000e+00
0.000000000000000000e+00
0.000000000000000000e+00
2.782364368440000124e+00
2.665724277499999850e+00
4.001220703120000444e+00
4.001220703120000444e+00
0.000000000000000000e+00
0.000000000000000000e+00
2.782364368440000124e+00
3.006534337999999806e+00
3.006534337999999806e+00
2.665724277499999850e+00
3.006534337999999806e+00
3.006534337999999806e+00
4.001220703120000444e+00
4.001220703120000444e+00
0.000000000000000000e+00
0.000000000000000000e+00
2.782364368440000124e+00
3.006534337999999806e+00
3.006534337999999806e+00
4.001220703120000444e+00
2.782364368440000124e+00
3.006534337999999806e+00
2.492417335509999887e+00
0.000000000000000000e+00
0.000000000000000000e+00
2.782364368440000124e+00
2.782364368440000124e+00
2.782364368440000124e+00
2.665724277499999850e+00
3.006534337999999806e+00
4.001220703120000444e+00
0.000000000000000000e+00
2.782364368440000124e+00
0.000000000000000000e+00
0.000000000000000000e+00
4.001220703120000444e+00
4.001220703120000444e+00
4.001220703120000444e+00
0.000000000000000000e+00
2.974315166469999827e+00
5.556238651280000163e+00
0.000000000000000000e+00
0.000000000000000000e+00
2.782364368440000124e+00
2.000957012180000216e+00
0.000000000000000000e+00
2.000957012180000216e+00
2.782364368440000124e+00
0.000000000000000000e+00
3.006534337999999806e+00
3.001175880429999943e+00
0.000000000000000000e+00
0.000000000000000000e+00
2.782364368440000124e+00
0.000000000000000000e+00
0.000000000000000000e+00
0.000000000000000000e+00
0.000000000000000000e+00
9.150727391240000008e-01
2.782364368440000124e+00
2.782364368440000124e+00
2.782364368440000124e+00
2.782364368440000124e+00
2.782364368440000124e+00
0.000000000000000000e+00
2.782364368440000124e+00
2.782364368440000124e+00
2.782364368440000124e+00
2.782364368440000124e+00
0.000000000000000000e+00
0.000000000000000000e+00
0.000000000000000000e+00
0.000000000000000000e+00
0.000000000000000000e+00
0.000000000000000000e+00
0.000000000000000000e+00
0.000000000000000000e+00
2.000957012180000216e+00
0.000000000000000000e+00
0.000000000000000000e+00
0.000000000000000000e+00
0.000000000000000000e+00
0.000000000000000000e+00
0.000000000000000000e+00
0.000000000000000000e+00
0.000000000000000000e+00
0.000000000000000000e+00
0.000000000000000000e+00
2.782364368440000124e+00
