1.929686069489999989e+00
4.865949749949999847e-01
1.318580985070000100e+00
5.646374702450000171e+00
8.471839904790000375e+00
8.244678497309999798e+00
8.244678497309999798e+00
8.244678497309999798e+00
0.000000000000000000e+00
8.303221464159999954e-01
8.244678497309999798e+00
1.318580985070000100e+00
8.244678497309999798e+00
8.244678497309999798e+00
5.646374702450000171e+00
8.244678497309999798e+00
8.244678497309999798e+00
5.198187828060000237e-01
8.244678497309999798e+00
8.244678497309999798e+00
8.497932553289999635e-01
9.944909095759999929e+00
0.000000000000000000e+00
5.646374702450000171e+00
5.646374702450000171e+00
5.646374702450000171e+00
4.553181648249999824e+00
7.579356193539999786e+00
8.244678497309999798e+00
8.244678497309999798e+00
5.530609130860000278e+00
8.244678497309999798e+00
8.244678497309999798e+00
5.651216506959999997e+00
5.651216506959999997e+00
8.244678497309999798e+00
7.579356193539999786e+00
8.244678497309999798e+00
8.244678497309999798e+00
9.944909095759999929e+00
0.000000000000000000e+00
4.887221336359999668e+00
7.579356193539999786e+00
5.651216506959999997e+00
5.646374702450000171e+00
3.439882278439999830e+00
0.000000000000000000e+00
9.944909095759999929e+00
5.646374702450000171e+00
6.580442786219999896e-01
6.580442786219999896e-01
7.579356193539999786e+00
5.916546821589999894e+00
4.064398288729999642e+00
9.944909095759999929e+00
0.000000000000000000e+00
4.887221336359999668e+00
5.651216506959999997e+00
7.579356193539999786e+00
5.916546821589999894e+00
5.651216506959999997e+00
0.000000000000000000e+00
5.651216506959999997e+00
5.651216506959999997e+00
5.651216506959999997e+00
5.530609130860000278e+00
3.992860794069999830e+00
0.000000000000000000e+00
5.916546821589999894e+00
5.651216506959999997e+00
5.651216506959999997e+00
5.651216506959999997e+00
5.651216506959999997e+00
5.651216506959999997e+00
5.651216506959999997e+00
5.651216506959999997e+00
3.992860794069999830e+00
3.992860794069999830e+00
4.887221336359999668e+00
5.651216506959999997e+00
5.651216506959999997e+00
5.651216506959999997e+00
5.651216506959999997e+00
5.651216506959999997e+00
5.651216506959999997e+00
5.651216506959999997e+00
5.916546821589999894e+00
3.992860794069999830e+00
5.651216506959999997e+00
5.651216506959999997e+00
5.651216506959999997e+00
5.651216506959999997e+00
5.651216506959999997e+00
5.651216506959999997e+00
5.916546821589999894e+00
