0.000000000000000000e+00
3.464191198350000001e+00
8.521284103390000197e+00
0.000000000000000000e+00
0.000000000000000000e+00
0.000000000000000000e+00
0.000000000000000000e+00
5.065202236180000206e+00
0.000000000000000000e+00
5.611061453819999878e-01
5.065202236180000206e+00
3.806719303129999954e+00
3.806719303129999954e+00
0.000000000000000000e+00
1.939720749859999982e+00
3.806719303129999954e+00
5.619386196139999790e+00
0.000000000000000000e+00
0.000000000000000000e+00
0.000000000000000000e+00
2.768984079360000017e+00
4.365911483759999712e+00
3.806719303129999954e+00
0.000000000000000000e+00
0.000000000000000000e+00
2.202348947529999990e+00
0.000000000000000000e+00
4.112893104550000345e+00
0.000000000000000000e+00
3.073754072189999853e+00
4.589357852940000093e+00
0.000000000000000000e+00
0.000000000000000000e+00
5.733323574069999928e+00
