0.000000000000000000e+00
0.000000000000000000e+00
1.893815279010000019e+00
0.000000000000000000e+00
0.000000000000000000e+00
0.000000000000000000e+00
0.000000000000000000e+00
1.621720123289999904e+01
0.000000000000000000e+00
0.000000000000000000e+00
1.621720123289999904e+01
1.350219130519999977e+00
1.350219130519999977e+00
0.000000000000000000e+00
0.000000000000000000e+00
1.350219130519999977e+00
4.309492111209999976e+00
0.000000000000000000e+00
3.625657796860000115e+00
0.000000000000000000e+00
3.868842124940000016e+00
4.968660831450000259e+00
1.350219130519999977e+00
0.000000000000000000e+00
3.625657796860000115e+00
1.801468658450000149e+01
3.625657796860000115e+00
6.000940799710000384e+00
0.000000000000000000e+00
3.886241436000000160e+00
6.210409164429999684e+00
3.625657796860000115e+00
0.000000000000000000e+00
0.000000000000000000e+00
