0.000000000000000000e+00
0.000000000000000000e+00
0.000000000000000000e+00
0.000000000000000000e+00
2.628793954849999892e+00
0.000000000000000000e+00
0.000000000000000000e+00
0.000000000000000000e+00
0.000000000000000000e+00
0.000000000000000000e+00
0.000000000000000000e+00
2.993884325029999793e+00
0.000000000000000000e+00
0.000000000000000000e+00
0.000000000000000000e+00
0.000000000000000000e+00
3.504985332489999994e+00
0.000000000000000000e+00
0.000000000000000000e+00
2.628793954849999892e+00
3.659966230389999797e+00
3.659966230389999797e+00
3.659966230389999797e+00
6.676942348479999900e+00
3.008225202559999811e+00
7.420220851899999914e+00
6.676942348479999900e+00
0.000000000000000000e+00
0.000000000000000000e+00
0.000000000000000000e+00
0.000000000000000000e+00
3.659966230389999797e+00
0.000000000000000000e+00
0.000000000000000000e+00
0.000000000000000000e+00
3.659966230389999797e+00
3.659966230389999797e+00
0.000000000000000000e+00
2.628793954849999892e+00
3.504985332489999994e+00
7.350202083590000157e+00
0.000000000000000000e+00
0.000000000000000000e+00
0.000000000000000000e+00
0.000000000000000000e+00
2.628793954849999892e+00
4.513362407679999855e+00
6.676942348479999900e+00
0.000000000000000000e+00
0.000000000000000000e+00
0.000000000000000000e+00
0.000000000000000000e+00
3.659966230389999797e+00
0.000000000000000000e+00
0.000000000000000000e+00
0.000000000000000000e+00
3.659966230389999797e+00
3.659966230389999797e+00
7.420220851899999914e+00
0.000000000000000000e+00
0.000000000000000000e+00
0.000000000000000000e+00
0.000000000000000000e+00
0.000000000000000000e+00
0.000000000000000000e+00
3.659966230389999797e+00
3.470707654949999998e+00
0.000000000000000000e+00
0.000000000000000000e+00
2.628793954849999892e+00
2.628793954849999892e+00
7.350202083590000157e+00
0.000000000000000000e+00
0.000000000000000000e+00
0.000000000000000000e+00
0.000000000000000000e+00
3.659966230389999797e+00
0.000000000000000000e+00
0.000000000000000000e+00
3.504985332489999994e+00
0.000000000000000000e+00
2.628793954849999892e+00
3.504985332489999994e+00
0.000000000000000000e+00
0.000000000000000000e+00
3.659966230389999797e+00
0.000000000000000000e+00
7.350202083590000157e+00
0.000000000000000000e+00
0.000000000000000000e+00
0.000000000000000000e+00
2.628793954849999892e+00
0.000000000000000000e+00
0.000000000000000000e+00
4.513362407679999855e+00
0.000000000000000000e+00
0.000000000000000000e+00
0.000000000000000000e+00
4.513362407679999855e+00
6.676942348479999900e+00
0.000000000000000000e+00
0.000000000000000000e+00
0.000000000000000000e+00
0.000000000000000000e+00
0.000000000000000000e+00
2.628793954849999892e+00
2.603088617320000075e+00
3.470707654949999998e+00
1.063611602779999998e+01
0.000000000000000000e+00
0.000000000000000000e+00
3.504985332489999994e+00
2.628793954849999892e+00
0.000000000000000000e+00
2.628793954849999892e+00
2.628793954849999892e+00
3.470707654949999998e+00
0.000000000000000000e+00
2.628793954849999892e+00
3.470707654949999998e+00
0.000000000000000000e+00
0.000000000000000000e+00
0.000000000000000000e+00
2.628793954849999892e+00
0.000000000000000000e+00
0.000000000000000000e+00
5.718126297000000413e+00
0.000000000000000000e+00
0.000000000000000000e+00
3.504985332489999994e+00
3.504985332489999994e+00
0.000000000000000000e+00
0.000000000000000000e+00
0.000000000000000000e+00
0.000000000000000000e+00
5.718126297000000413e+00
0.000000000000000000e+00
3.659966230389999797e+00
7.869040489199999655e+00
0.000000000000000000e+00
0.000000000000000000e+00
1.120076751709999918e+01
0.000000000000000000e+00
2.628793954849999892e+00
1.047575855260000033e+01
0.000000000000000000e+00
0.000000000000000000e+00
0.000000000000000000e+00
0.000000000000000000e+00
0.000000000000000000e+00
1.047575855260000033e+01
0.000000000000000000e+00
1.120076751709999918e+01
0.000000000000000000e+00
0.000000000000000000e+00
5.718126297000000413e+00
6.004222869870000423e+00
1.047575855260000033e+01
0.000000000000000000e+00
0.000000000000000000e+00
0.000000000000000000e+00
0.000000000000000000e+00
1.120076751709999918e+01
9.078629016879999902e-01
5.718126297000000413e+00
