1.295139789580000089e+00
0.000000000000000000e+00
0.000000000000000000e+00
5.750729560849999977e+00
8.471839904790000375e+00
4.367682456969999905e+00
4.367682456969999905e+00
4.367682456969999905e+00
0.000000000000000000e+00
1.003762006759999936e+00
4.367682456969999905e+00
0.000000000000000000e+00
4.367682456969999905e+00
4.367682456969999905e+00
5.750729560849999977e+00
4.367682456969999905e+00
4.367682456969999905e+00
0.000000000000000000e+00
4.367682456969999905e+00
4.367682456969999905e+00
8.497932553289999635e-01
9.888438224790000675e+00
0.000000000000000000e+00
5.750729560849999977e+00
5.750729560849999977e+00
5.750729560849999977e+00
4.553181648249999824e+00
3.772646427150000203e+00
4.367682456969999905e+00
4.367682456969999905e+00
0.000000000000000000e+00
4.367682456969999905e+00
4.367682456969999905e+00
0.000000000000000000e+00
0.000000000000000000e+00
4.367682456969999905e+00
3.772646427150000203e+00
4.367682456969999905e+00
4.367682456969999905e+00
9.888438224790000675e+00
0.000000000000000000e+00
4.887221336359999668e+00
3.772646427150000203e+00
0.000000000000000000e+00
5.750729560849999977e+00
3.408374786380000021e+00
0.000000000000000000e+00
9.888438224790000675e+00
5.750729560849999977e+00
0.000000000000000000e+00
0.000000000000000000e+00
3.772646427150000203e+00
0.000000000000000000e+00
9.286561012270000415e-01
7.910839557650000131e+00
0.000000000000000000e+00
4.887221336359999668e+00
0.000000000000000000e+00
3.772646427150000203e+00
0.000000000000000000e+00
0.000000000000000000e+00
0.000000000000000000e+00
0.000000000000000000e+00
0.000000000000000000e+00
0.000000000000000000e+00
0.000000000000000000e+00
0.000000000000000000e+00
0.000000000000000000e+00
0.000000000000000000e+00
0.000000000000000000e+00
0.000000000000000000e+00
0.000000000000000000e+00
0.000000000000000000e+00
0.000000000000000000e+00
0.000000000000000000e+00
0.000000000000000000e+00
0.000000000000000000e+00
0.000000000000000000e+00
4.887221336359999668e+00
0.000000000000000000e+00
0.000000000000000000e+00
0.000000000000000000e+00
0.000000000000000000e+00
0.000000000000000000e+00
0.000000000000000000e+00
0.000000000000000000e+00
0.000000000000000000e+00
0.000000000000000000e+00
0.000000000000000000e+00
0.000000000000000000e+00
0.000000000000000000e+00
0.000000000000000000e+00
0.000000000000000000e+00
0.000000000000000000e+00
0.000000000000000000e+00
